23730.4248804
22907.8340011
24463.1425531
20879.9974685
23718.0019921
24739.6396398
23340.9587771
28162.8280233
21353.5991341
26330.9601657
22835.1571305
28575.6697927
23473.4621118
25429.2689959
22326.7499306
25398.0982459
20616.484021
25400.6783862
21196.619912
23864.4886568
23938.0931609
23474.2151992
23112.6040487
23148.6476443
20008.3448728
25875.1413208
25294.6445794
30835.8464479
27151.3030404
22078.7865163
23018.4955269
23603.0937986
25464.5147442
24510.2634686
24364.0609185
21956.0639732
24478.0546198
24527.4964042
26027.4255963
20618.4490963
26022.5867928
22695.4920594
21937.8795016
25513.2108841
23051.4540091
28141.6537842
22984.9935068
24094.9948777
25746.1605408
23674.4958774
21280.96334
24851.093506
20949.0536076
26970.3021615
20767.9251491
21368.4165362
23539.527234
22664.6260948
25134.016772
23915.0555193
22738.4390093
19713.1374374
23792.7145389
21881.5954093
25012.2284224
24105.9285198
23055.508439
21901.2147964
23902.0960696
24146.1330623
24887.7533048
25229.4304288
23792.1959295
23733.109859
26233.1779378
27419.9622294
21489.7679565
28541.5013989
28168.7139921
21983.4591245
27404.5406043
26512.1368707
25140.7624161
24019.4616266
23433.4767447
27705.4535313
23376.703251
22537.296836
25669.5964585
28522.5474056
21903.5882678
27768.3126786
26061.9054546
23457.9670404
26376.9920349
23256.8040236
18529.7666729
23722.6167067
23293.5924558
21213.9837461
29557.0932421
24314.3827425
21850.4115165
21784.0303478
25213.4323623
22912.564879
25281.978983
26610.064724
23369.7227492
23596.4376619
24318.7605268
23287.6369839
24534.328435
26470.9339379
25890.4856115
25702.1896225
25548.256883
25078.344243
23383.9070204
24759.5720413
28967.0078225
23192.5672267
23933.8089115
24940.9371081
24875.5784485
23500.2303046
26102.4479487
22916.5142037
25761.1602762
23848.9139938
28217.5510078
26889.577904
30296.6718089
21598.5134082
25143.8651897
21093.1328955
24190.275517
30457.6576394
27161.7980486
24344.7292407
24698.0764489
23254.1199928
23115.1812608
22080.0358751
22167.199446
25120.6244149
26161.3486268
25436.3880981
23006.724335
23453.1694244
21577.8977819
23332.309468
26823.375406
24920.2795136
25506.3030428
24702.742795
25055.976257
22375.201818
26432.8753829
23867.186318
24162.6611897
24572.3947388
22663.5441513
22787.0226173
21794.7283794
25866.9341012
23297.7748433
22019.4312824
23381.8655266
24513.6557532
21394.9258789
31696.7484049
24169.6095541
23340.4226977
28625.7915705
24707.245423
21890.1214998
26716.8691643
25625.2195317
25972.9326728
22700.9503486
25574.380358
23703.3882835
25344.4979664
27137.5866343
25242.1128179
20646.0783172
23154.8765019
21613.6352569
23421.6278583
22903.1353432
22440.7438807
24342.2602077
24942.170962
22250.5177882
28644.9985494
24106.258465
29779.9953784
23904.0105173
25916.7814704
27432.0701578
24907.6960341
28296.0471224
27415.1809124
24445.3434921
24946.3888937
24679.1216555
24942.9067186
22529.4515363
26048.4719515
22686.9040991
24016.9975096
21933.0577124
28276.5944905
25306.2966374
22727.2332302
21012.8920924
28168.0996262
28991.0688353
23816.5108899
28053.8096894
23910.7121456
25870.6116545
21813.6028775
25533.5852036
25637.4477994
24821.9100729
27594.7374333
21880.3318944
20354.2924378
23972.6210165
26045.7735525
25009.6186866
22620.1290689
23529.2115799
23608.666422
22878.2119809
25177.2671015
28813.7378822
28354.2635094
20468.6476388
26005.8132591
27144.6431791
22823.0377663
29425.2385011
21560.9338864
26903.714241
22147.0317529
27964.8337532
25463.5322576
21763.9900876
22540.6746103
27439.4959397
19627.7285845
21598.3424075
23177.5401967
25135.669266
24146.4845411
23145.8244257
27532.2140351
24754.2173202
26834.851215
23962.4665515
22640.8428816
25632.347738
23419.7349576
27064.0623975
26022.1579921
24725.8178757
25283.3784212
26071.4770678
23056.6188795
27542.0759559
22075.1172569
19905.1684937
23968.6656642
23944.1473224
21249.0831687
22146.3504604
23648.4293267
25993.6182638
26237.973053
22348.3473109
23418.5056198
27440.0433094
24538.4178922
22125.9432138
23994.3491884
25267.5507424
24322.17268
23713.5581954
26181.4614251
22178.4532903
23343.6993776
25160.1355223
23679.2553835
24053.2850942
27378.9450068
25460.3134772
22642.5084961
34307.3737635
26501.9614458
25081.92182
25162.3529848
21124.7590696
21252.7214593
22721.3876291
21892.5607561
22475.5426095
25168.5298139
26731.6887344
20123.2049249
20456.8593316
27176.8578319
19952.845947
22945.1800138
25086.7315654
26107.49587
21743.879223
22674.8294923
21024.7794346
29037.8824046
22317.1155212
25710.5461849
21403.8818594
20311.864052
24100.9902204
24457.0156839
24387.5576242
24871.521416
25805.5012353
27099.5269316
31468.2361197
23913.7367575
27203.3499952
23436.2954877
22067.9276309
27191.3500473
24467.7822985
25698.3711806
25393.3816209
20728.5137415
21029.0743175
27570.823703
29503.8967564
22772.9428053
25262.5248878
26689.0273431
24062.0475558
25170.1863428
24687.0709574
21245.733669
25995.4164158
23437.8352247
26475.1759942
24570.4298142
23911.1060402
23611.6787343
21839.4353333
22711.35597
26034.1210801
24010.368013
22479.259774
23818.0918617
25257.1124046
24027.9247308
24077.9317489
22932.1352922
23430.29617
26429.4469175
23027.3097677
20336.1570511
24504.4233456
23888.6309272
23629.4281722
26221.7364352
23374.9516963
26659.6171573
25002.9037648
23755.9030898
29237.8059798
24938.5013304
26598.7404943
25221.467736
30894.0018201
25479.3405755
26281.9932364
24280.4257361
22140.765581
23241.2494039
25093.2327823
24473.5363549
26132.1004862
24346.1397913
24271.3423601
24355.6719561
26344.6647462
25375.6162417
23210.0713525
21028.6727908
25694.0394118
22747.8731767
24363.4978941
23428.2008744
26179.2343706
28746.1533078
22067.6238932
25985.2258822
22155.4122675
23932.4357279
22497.4407063
24468.4927275
24732.390433
25747.452637
27741.6374896
25458.0596397
25548.2310489
22970.0063354
25518.9233813
22543.1050979
26124.8092751
25102.0813736
25778.4355824
26554.7569788
21174.912029
24154.5155479
23344.2827924
21066.872029
23716.5316352
28308.0111936
26945.9272473
24495.4453399
24538.9601493
25241.0391922
22645.6308371
24298.0944953
27371.4124443
24631.7787766
22599.1025356
23527.4906058
25640.4037689
23262.5892468
24832.1091918
20259.7056931
22238.8207903
23177.8294234
26602.6209344
24642.3477833
23407.1789082
21868.1910179
29811.1876947
19244.7995533
21570.6491761
26350.6200007
23972.5876091
22025.2383715
29037.667393
27219.0807034
24617.3117631
26155.3989689
23521.4601287
25321.5467606
23862.4326256
24227.5406545
26748.5008351
21476.2380382
22766.495537
25536.3835765
25476.3080919
27963.7346412
22163.753203
23504.5428565
26615.3411945
26798.2257888
23421.704842
25020.1359335
25008.476459
23924.160483
29700.4885369
23939.6804675
24118.7965453
24802.189056
23415.4569667
26447.2026794
22739.9796287
28129.3804752
24950.9334071
27418.1245604
23362.6701526
24128.6075997
26567.390937
21789.7000786
22269.0093479
28995.981682
27822.2714816
23336.7642861
23717.3302413
23339.9424138
29046.8612028
25949.0157526
27414.9766151
24868.4137205
24173.3722431
25127.7418451
21947.6976778
24654.9655089
22426.6663066
25468.9020849
25209.12729
21894.6702606
25755.0084016
21102.6297335
21895.5277978
24448.1634975
25262.9886366
27227.8274046
25459.5993214
22936.6176659
26389.4935779
23734.9856632
23874.703068
22367.3069948
23537.7661225
22019.3810736
23021.2018409
24231.843642
23271.5594326
23511.9831466
23715.2689699
24168.8814222
23764.6362845
24436.6550859
22853.652364
24134.1060323
26937.0622838
24244.6312065
24277.5517669
28630.1834707
23162.4672583
24367.8347416
29849.8761777
24790.8380939
24481.6113264
26882.3351214
28370.0831163
28139.1334779
27848.7706596
22640.5698236
22837.5628169
26617.9296177
28379.6844948
27654.0006644
22854.8327259
25385.6650756
24792.8565156
23826.0278969
23092.6502843
26238.5740848
28653.2992256
28670.7409576
27007.5923051
27137.3242928
26715.8575892
22507.9929312
23131.3615739
20688.9524755
25678.6927514
23737.0985622
22680.2184332
27544.235292
24202.6780499
22257.92693
23603.8989954
23867.2809173
26366.1609872
22944.438036
23851.865636
23877.6345476
27380.9792463
23174.2083547
26907.9262366
26888.8218858
25394.9890317
23935.9634571
25040.5198687
25138.9216195
26508.7628346
25602.9869499
22337.3968225
27266.7670411
24142.2481815
25470.4811756
25057.7538091
26623.4561445
27651.4587966
20790.2940942
25764.4294924
23672.5531601
24783.3742034
22903.3735316
21995.0976613
27157.7803549
22596.3046302
24799.0782895
22515.1131024
20371.7326464
21106.776518
21706.6268016
25655.2685837
21295.5856752
25394.4647859
24624.3478553
25298.7508383
28753.859453
24367.7812471
24708.2835089
25098.1277789
25530.4426635
24207.5148499
23534.0711516
24999.7853811
25976.9192867
23138.7400659
30725.7017237
30003.6534324
24879.7672374
25593.401257
30029.5114746
26015.6036467
24538.8551561
24625.183199
21244.6574495
30281.4566109
26265.157221
22030.4973566
31796.1952187
27461.1138162
23328.3613248
20871.1128864
24931.0653652
24949.2454031
22551.5291237
23641.2724782
25955.5496421
19521.4256238
22690.3387977
25790.3660994
25933.1203366
21804.9327916
23360.8914341
25589.261131
28683.510226
23254.3229499
22111.3615983
22569.3645984
25523.1659435
22674.943346
24548.3069994
24814.9791654
28911.0423045
23397.5288382
22862.1297597
24305.6127992
29170.0427088
22032.1365096
24570.8888983
26532.4989024
23112.9148883
23577.6491285
28001.4973373
26832.6127132
23685.068775
26169.4015757
24623.6599107
23964.3186275
26285.9701198
26973.2373888
26069.721138
24088.1545904
26165.4227228
24636.1460699
25684.0008936
23366.9101276
25794.8201778
24318.0975622
25101.7141867
23047.4327135
23924.329303
22298.3750855
24858.9330547
20616.8077321
25023.4536003
26290.5774144
25190.8282462
27037.052267
28997.5226694
22769.0976897
23552.4475632
27998.7654342
22669.8208811
25818.5814227
25736.6651307
23634.9374933
25268.6076022
21929.2224029
25974.1341598
29216.7746581
24651.0767259
26658.8886872
27498.8675263
26344.1599774
22969.6516624
26466.8909434
23639.5674951
23410.7371498
18966.7821674
24276.7925715
23272.0272435
22555.8501377
24411.5416887
27432.8822625
22548.4816554
22792.946059
25824.8026658
22204.1916506
23177.9440698
24854.3404024
25085.4170545
23516.1107782
24550.6443366
26644.0908844
21950.4893303
23317.3455845
24285.8923635
27709.6673929
26665.3938016
21879.2038721
23421.6878141
23016.6029363
23338.2954449
25705.9312404
23124.8760472
28449.6779817
24934.5753639
22482.2746664
23137.9456898
25101.0757849
25457.7142118
24803.6021999
25986.7102172
23395.2901103
23603.4356626
22946.1349802
28549.9231151
22043.5526418
23822.5052832
28855.7027613
22235.3996882
23852.9208442
29641.4272084
22947.5372347
24504.6956959
22709.2892266
22371.9943624
28289.8137365
24335.2927507
24569.5616439
22000.022008
22798.9877574
27671.378774
24468.6844879
21959.0710598
24864.7877871
28226.911859
24790.7580868
29089.8504672
27549.6734612
27098.1564412
25784.4221869
26059.0548865
24254.3166564
25320.2704076
25985.3905347
23207.3120823
23314.3520808
24253.18593
25862.1808016
24561.2066668
25299.8038856
29008.3599817
22456.8861468
23752.4566004
26171.8987738
24566.5501738
27282.148519
24174.3605239
25003.5832933
23241.5756078
25394.0925737
23766.1236265
21892.2709867
23401.0953782
26009.3322828
23228.9294996
27147.5719573
22477.6052026
23822.2499959
28840.6634772
27147.4892301
31374.6295043
24154.5069408
25863.5868452
22076.5088083
27660.4563385
27103.5518076
25855.8496735
26575.1398936
24244.5331399
27850.9513936
27341.8479616
28603.9434433
26587.5590396
25262.4454445
24951.1159014
24449.3867647
23465.3623749
20806.2051402
23994.5412747
21854.2160827
28586.9118949
24990.7376759
28080.8434008
24132.073496
21606.5564024
22964.3020407
22317.8393196
29305.1039675
25760.9388194
29922.7935334
23907.4048894
24746.4720411
25034.5381267
28546.1848178
25987.0277407
24877.3094078
27546.6099368
24867.675576
23840.3022996
25065.4099585
24187.1518954
23794.8221499
24458.1545929
29668.6738113
24549.1318524
28400.4756283
28098.7615944
26837.2984262
26769.2569776
32667.3078652
21770.1496186
23891.6759929
28732.3860393
23892.7809165
26465.564561
23686.9195496
26251.1105047
25127.9840639
30281.5939091
23682.8104021
26253.7883429
26508.187861
21668.2116364
23792.9935437
25151.9752231
20732.5849673
22500.1230653
26522.6504178
22589.808422
22659.9891091
24724.3998329
20549.8644072
27278.4960924
26123.0860527
26589.5571708
24272.9180773
26539.4685311
28876.9534228
28550.5675211
22701.9935512
25850.6526306
24535.633312
24156.2912276
27066.4849267
20281.935649
26663.3127028
22978.9196631
24894.2297915
21367.0434812
21963.9332205
25467.7991513
24709.1524261
24725.4271096
30331.0384371
20314.9926677
21865.0523366
24184.5090079
25846.2355449
23428.2143524
21654.0306085
25623.9888106
20453.3560074
23948.88465
26778.6594339
25260.5633247
33888.5379113
28081.0392276
24303.7928873
24263.9262867
19132.0989984
27660.9567297
25632.7111939
24776.9888535
24589.3306192
23521.0947352
30539.4207752
24929.1563924
23276.599177
24334.705861
22255.0685067
24134.9168087
23639.5256855
22063.8025399
27575.2236368
24860.8127246
26722.6553427
24343.163172
30128.9832062
25645.291665
24705.0778374
30945.1983494
25312.7412572
25148.931085
22738.2006223
27807.7039906
22049.453034
26152.9464703
28525.0197712
23854.4243305
24607.5006314
25003.5695678
27282.5346205
27757.7876426
23532.0124393
24022.5640843
24085.7121102
23298.1832675
25799.990657
21698.9523866
24199.1031156
25066.6473302
21462.0740377
26708.8646914
28095.947248
25365.9163645
25445.5741405
25179.3399838
26419.4675654
25880.4832431
24499.9688925
23977.9087375
22549.1831709
23739.1375751
25304.6949536
20628.1856675
27023.4898811
21924.7937216
22763.1476628
27014.6856967
27458.2446856
24356.3354038
25071.3590606
24512.6124992
28624.025148
25974.6177326
23391.9840891
24970.3530516
23750.3864397
25472.5152458
25406.7730165
21308.2248548
21831.7923405
23160.9918904
28347.4666133
24463.8930462
24758.1805794
23794.9256704
24648.4131638
20858.0520876
23652.2511444
22752.6891906
25248.8370774
24691.6451513
26788.5633693
26829.3268015
22171.6304903
25812.442414
24361.2664463
23378.1184895
24619.6151937
25758.9279799
26042.2311705
28588.2164001
24414.6801632
26366.7403792
22804.4843461
29103.5091767
23762.897306
28277.0630672
26708.8764589
25448.4227752
25233.0625993
30664.8325563
26950.7487081
25568.9200074
22512.4270408
24934.4517652
27895.3048907
29054.6249297
27722.6483234
32515.3553347
20683.5412728
23498.2715763
26286.4690639
26043.8860269
28535.2640316
27534.0473676
24921.516763
28556.4673664
21957.1738949
23503.4960837
26085.2973249
21778.0538156
25626.8364921
26712.4050976
25577.0117549
24700.0536681
24206.2382019
25407.0996608
25774.0524168
25038.4039058
20522.2432739
22887.6760203
25128.4033955
22591.7636993
22114.5821551
25844.9054112
25270.2999154
24302.7635154
26020.2927854
21148.8573562
23738.9800345
22160.0338629
20418.4167444
25738.1022091
23018.2967319
24528.2401394
25364.9955601
23499.4092039
28303.7465668
25304.9561286
24065.54374
21913.1951906
23657.0319484
24811.820097
24104.3176104
25675.9154696
24145.0143391
25675.2471622
29887.0777443
22268.8277005
25412.2449564
25367.7086839
23706.7963007
27021.4335568
25035.4579305
23741.9718573
27196.1576036
24025.2634865
26714.0984651
27153.3434909
28119.0552657
22588.7793211
23561.3925579
22987.640894
24300.3405512
24685.2822656
25835.8516542
27739.6684781
27751.4706332
27884.6001298
27483.4595511
23942.4317106
27183.7741447
22966.7900407
31175.6589708
23896.8117006
27858.7615411
25281.178952
22191.7223657
20809.1211652
25781.100705
26248.8218574
22303.3004455
22966.4625903
22335.5514666
25488.3643438
21822.5820557
24537.7951032
31960.4187249
26854.5305137
22178.428293
33818.1409665
22669.5253914
25757.9553681
25139.2483367
29311.2693298
23164.8297159
29063.9436702
28660.2664405
21451.9567052
20487.0052163
26530.2058056
25445.1350345
25841.096745
23715.7489596
27444.7574413
24818.7621633
26330.4560529
22793.2485852
23141.4188036
23836.7607519
25969.2287366
24749.2523796
22299.5026252
24124.7074026
27819.050929
25451.1256315
22594.9245537
22092.7088378
25608.9874852
29786.5921114
24947.0528552
26473.629197
26524.4073604
22661.3793194
23704.155917
24964.0607718
20879.9642378
23560.2555297
22723.7181998
26346.4905553
26242.6457597
27390.928255
23161.5269171
26188.4673543
23398.9771828
23751.2712129
23782.2394367
24564.821708
31893.2530708
25984.3119724
24055.6960514
25971.9574617
29342.5346292
26308.4125318
23829.6019685
22050.3754545
21494.1126388
24281.6486288
23932.0481835
24625.7716189
21599.5684362
24238.4009935
24573.1149647
21904.2682779
22499.5289256
29812.2985997
25673.5069195
28395.7773297
25480.0599755
24717.6206563
28595.1150181
19956.7871221
24315.9829873
23250.0191196
21697.0678325
23257.2817302
24497.6200791
24599.706201
22383.5476741
25899.7223484
24075.9983423
27244.8661656
21631.5086275
24731.7717956
26393.9838291
22750.4664761
24850.8784238
23844.6500567
25664.3230808
23889.438555
23857.5066868
22452.2910977
24097.0647949
25437.9345236
21659.6360482
23008.5032055
28607.5507018
25121.5048564
27691.9863064
22088.0108516
24614.0722856
24191.6755034
26565.3380395
26789.078016
24792.2588617
26120.5264935
25947.5803703
23668.6589926
24933.3231461
31709.1998293
23322.8572788
20826.8713522
24153.6699799
24783.6078286
23736.7421435
22249.0796498
22677.9954253
24606.2309227
22271.2727253
26184.7620087
26225.1265972
23403.1681142
21423.1596708
23224.3407854
23705.4166245
28756.5124384
25844.681501
27554.3535377
24277.5348171
26130.1380439
22738.1160768
23382.6260015
22699.1661798
25405.8409373
28454.0755932
23641.1912625
25116.6473974
23959.7746241
24009.2120286
23135.578119
26268.2620263
27720.7008494
23395.5373049
21841.4350684
26572.6388658
22194.8387118
24958.4741411
23259.8725068
25136.2884363
21430.3967772
22548.71176
24585.9305304
27072.6220415
25389.3097229
27646.1398573
22899.318273
24144.9934103
24671.1798568
29120.9766977
26081.7712374
21837.149198
22997.0727428
23006.0781791
29940.3478796
29618.1127983
26827.5008526
24422.5082
26586.4510971
25608.2146362
26868.1369175
24578.4192224
25162.4499551
23974.8513608
25398.2384103
22054.8876253
33807.0434133
26268.6720065
24696.3183183
25518.288363
24868.6621505
24709.7796815
22262.1271853
27513.22429
20066.7112656
23243.3205768
21714.7842469
25195.720851
23845.9110234
21967.3832123
24609.3096434
20985.1259345
22045.9704613
25633.7406574
22652.8517452
25111.7851184
24771.1361714
23092.4191841
29302.5233948
23418.9950356
25845.9699104
21774.775714
25140.0834514
24315.1404929
21197.032156
28566.0354044
22296.6850409
26183.4504448
21312.5536056
26154.2458511
26222.6516832
26640.3844722
22745.7719502
28724.7967759
22072.7029342
25737.3095466
23736.8488967
23994.2666188
26227.6197098
28521.4434226
23231.9902733
26157.7027975
21213.7692537
24402.05602
20730.1439468
21874.5691073
24708.438009
23615.5711562
22106.0094075
21648.5968773
24010.6072363
21716.8026259
25699.4969502
21511.4916232
24582.3894788
21435.3524136
23184.2558269
28155.0502185
28371.8777366
20381.4487945
22534.5557207
22479.0751786
25522.0654678
21663.2929058
29320.6606276
23958.7977021
28242.1051407
24086.2191454
25687.9816623
24229.0673264
26628.3506907
24024.9451424
23590.9192382
25015.7219717
22340.7485309
24408.2208096
28266.6106442
21514.4313945
24381.682226
28509.6290206
26280.0229183
21715.5170237
24066.8932899
23513.3262455
24727.2201929
26042.5235799
24017.1411774
24496.2447635
25128.3456657
21550.7076963
27153.2018824
25842.7247239
28569.9377992
23873.2816915
33190.2707756
28984.4792197
23728.5604542
31351.7548834
26296.9295087
25701.3903273
26945.0102479
23348.6844658
22880.4928124
25106.9310537
27342.1518589
23902.8823256
21108.6809318
26581.2630643
28265.564224
24698.8113651
26477.7001682
24583.7704776
26199.6335427
25421.9744889
25496.1460649
23738.7420478
30914.6718164
23537.7167046
29922.0319414
28121.2468816
21914.5424735
24116.2724767
27867.648438
26207.8499545
25769.9167849
27441.6996515
24803.2336693
23239.7698176
24437.0453691
24673.326856
28304.2400005
26104.0291143
24985.1120168
24737.283565
25095.3703524
26376.4940243
22698.5561884
24672.220791
24053.4044195
22809.7989586
28039.8000318
21124.9164243
20219.9034447
24640.1158925
27674.7952914
24116.3564475
21280.484086
23822.8530998
30874.8833257
24024.2289426
23493.0929678
29892.0994115
29490.0025262
25721.7100481
23550.9354758
22134.8633486
23819.6327917
25991.1183176
21251.4544961
25581.7097477
21818.4936697
23700.6863876
27355.2390679
22923.4667085
20500.6746721
25377.6643403
22135.0474153
29408.6328095
21481.7591442
23475.7295153
22348.2793672
22030.3908072
27294.4948304
27349.0096045
24942.8719635
27634.3469599
37176.0280163
28121.9560759
23659.1010322
26549.3982044
23716.8516371
27397.1884026
27233.3783373
24437.5592392
25989.7597838
24532.6937221
25719.0519766
21014.780814
24427.6552613
27859.5500477
26960.5708758
23888.1005313
19892.0011813
25165.5929234
26189.5482775
24468.5429935
25252.6645375
22928.969289
23678.8583626
23447.2636434
22189.8052476
21857.792371
23733.9299253
28816.3124352
23696.204678
21988.0890637
25996.0557033
23596.9030526
20680.9028655
26888.2360496
21547.3190169
25869.3368444
26265.2939571
21702.3309159
24058.9777653
28142.081365
22941.8668268
22459.4743313
23468.1281598
23211.8668317
23522.0174665
22178.1588812
29783.4771169
25147.7275657
21927.4017979
29566.6009791
31044.4213701
19374.6019929
26563.2514544
24111.4786811
23098.4794679
27164.1750141
24226.4830818
29441.4662186
24789.1180628
20968.2733176
22817.8224874
26046.4200595
25608.166079
26266.4321352
23415.8372152
24699.9909758
25139.1578857
21276.2761858
25713.3262836
25507.6740796
22062.8636146
21943.6121398
22471.4562281
23527.0025519
23223.7039593
23790.4995937
25898.8818249
24061.2790097
24386.8308091
23475.3118759
23108.4670141
24644.2702822
21552.5132977
23582.4565893
22288.7838912
24922.5043381
22020.0243123
26573.9626168
26499.2316946
23236.101929
23918.7683977
27136.8846081
22504.9022681
24750.2779308
24538.7182697
26653.1947979
26524.3892398
26983.3006329
24507.2431649
30683.5995599
25224.7011086
27123.2913964
22763.6649783
24952.4681726
23507.8706911
24970.7484964
27293.7897805
26247.0141148
28895.84825
24361.3462729
24644.0752452
25156.4574954
22954.2667693
25743.3051888
24816.387097
25589.1596277
25602.9491001
28728.9168492
26759.7382861
26690.9983714
25605.5001822
21757.6681549
23056.7619683
23009.1968603
24677.4913557
21858.6609193
21143.9475816
28528.4831644
25571.5218985
23430.0292666
23284.6966829
24052.9886591
22385.2224851
26375.280655
20774.7359424
27057.348229
23608.6703281
21671.6565771
27739.8353203
24842.0354933
25963.8606341
23333.7935269
24120.5461831
24508.6409873
22696.4007502
29487.9098159
21527.8317173
23684.188368
25546.1921165
24995.0273752
21767.0448814
24357.8635821
21757.7324773
23875.717414
24256.5033915
21470.4791738
22408.1818129
26619.7465154
20994.2115563
22292.6581584
23855.907225
28968.1204662
27363.379065
23802.0995648
23879.8462952
24942.3206213
20473.897493
26692.4522011
22782.9837879
24962.3543446
25667.6114093
25046.0752141
25443.3427989
28485.1215837
22388.6324131
24463.3513184
26269.1515295
24838.2517042
22399.0146676
23983.377569
26880.8977273
22785.3838195
24308.3693766
22739.7278615
22810.0214254
26084.1036333
22842.0255486
25458.6107227
22071.995952
19686.7654562
23682.2190364
24332.432091
27393.9399014
26129.0770832
23504.5231134
25688.679038
23777.7424045
29158.1459982
33834.2006996
24993.6155385
23589.1492487
24980.3757746
27091.3121994
27486.9834834
22210.6618604
21139.7704721
25534.7329376
26652.7781288
30199.1527606
20403.7832561
27596.2631592
21914.4517855
26797.0925127
28874.7262548
25340.7454786
25122.0163162
21783.1920529
27530.044861
23765.2611076
24233.8979589
21265.3488711
23322.2438816
25397.0289731
23787.7912729
22225.1245393
23552.3482483
27040.9116577
24942.2288765
25992.5215988
25274.0910394
27187.1399948
23628.4310112
26778.9974774
24863.093228
22106.1444921
23409.4977061
29084.730771
25117.911246
26470.4043258
23747.3624045
22856.6827325
22231.3239389
24178.6324953
23598.907041
25825.7681292
27056.4726094
22486.7253155
23342.7947672
22203.1924021
22982.6056735
24529.0101465
29261.5984578
24387.5583289
25946.4984636
22173.6218712
24729.8259866
24232.9986906
25390.9703091
26770.9562493
22992.8912406
23802.2462616
24773.3840959
28418.0643634
27463.0692672
27507.4147686
24304.7922343
27131.3053659
25704.7694656
33976.8682306
21961.7792851
24352.5214203
23482.1138962
24897.2819336
24236.7504782
26250.9825235
21981.2305607
24221.7447947
27781.4724532
21960.8132851
22434.191433
22958.7510648
28986.8798249
24517.2906656
25799.6908729
26627.8365202
26893.4225536
24644.5058134
26605.1094937
28055.3012036
27835.4636777
25178.2790278
23510.3646976
26927.6947601
25412.6930952
25891.4775094
21695.781761
25818.1542679
21616.3414009
26124.7269941
25384.2630329
20312.7923229
21711.2905985
22248.6631758
21789.1208396
22908.7775083
21664.2620769
23916.5857064
25678.2125294
22914.9893044
27334.3812356
28144.2009424
26831.5106012
22664.6471319
28451.5783866
24586.5878821
28817.534964
21547.1452893
25893.1379553
25794.1325411
25017.7155972
22777.7475843
26458.9510876
28393.1707807
24443.2093983
22803.4601948
23803.0938078
24751.6882258
26242.7392147
24852.9224648
23858.8716341
21603.7029926
23964.4638805
22512.3097451
21220.3441871
20921.685351
24776.6237469
26472.8250917
26964.7019093
27729.5745321
25573.6799027
28241.2756085
23140.6958929
26422.3473821
23044.0894636
25752.9783124
25360.2430881
24731.1015995
28065.0554095
25217.3220374
24924.9637682
26020.3211237
27187.9152828
20348.2393781
23640.7355827
24400.8203246
26210.0702222
24240.9398439
26376.0575848
23508.5829023
32870.1824451
25104.2860063
24214.6842357
23704.2523306
22416.3581161
28576.6840268
28693.3787867
23790.9288759
23110.5168158
21825.5653103
21149.7962565
26072.474031
22964.1777324
25270.7693058
25577.2252365
27407.3972561
26917.946424
24113.8780695
26100.7189668
23175.431296
24231.4929105
25957.7374541
22785.5154851
26237.2624929
25505.7501584
25590.9827524
26066.992912
23169.5661068
24843.5062162
29898.3815542
26558.5511239
24589.4076048
25660.5486835
25825.120166
23772.6947247
24127.3210915
21795.9371738
24477.6587586
27359.5945087
20827.9668014
23280.5790298
24633.446086
24655.6304518
24220.4874117
20773.7808545
27543.7347524
21108.0426862
23323.5569985
23494.0493397
21532.299411
21662.8052358
21648.18084
24027.9409311
24644.8154754
27169.8606059
28149.8171714
23480.4552635
24864.7341843
22612.7511267
22749.9082641
28177.6939451
24666.8564181
22758.9797115
25487.2733547
25239.9959096
25123.4302471
24752.8360674
19537.3620771
22998.2260373
23124.745628
22403.4206329
23152.1970202
25948.1380154
24403.6184529
27473.8879484
27758.6705866
21719.9622433
23500.275731
30222.3898259
25609.4139117
24975.3903577
25840.5467561
26557.7742212
24263.302183
24712.6659104
24837.5233439
23850.0745384
24845.2053899
28445.349271
28544.360151
20972.0650429
23213.0572827
27780.2831365
26735.7756945
24728.5267907
26291.6738193
25488.9887529
27091.3530481
22283.3414986
26348.8068795
24263.0257844
20980.628665
23492.0296994
26898.0334701
25880.4123793
26185.6390065
25381.3765728
31006.745684
24870.0182073
21672.7193908
22635.9990613
21993.055573
25010.6585055
26817.9636926
24191.7058566
21259.6513255
26998.040138
25490.1943344
26665.497897
24938.5238706
24276.0359932
22277.4090249
32837.1042917
26577.9529881
23556.4878601
24497.288819
26593.5153568
24612.8079749
26488.1286716
23501.0457809
24063.9191209
23058.7634178
29682.0616939
23009.0443713
23871.4192159
20987.1695923
23115.0309518
28778.9000686
27857.5794336
25199.0611679
27603.8243956
29740.609483
28302.7489078
19801.8689977
23754.8462559
29148.5028578
25931.0172178
21047.6245136
24068.6401806
25145.008837
32882.4670685
24508.0246874
22759.1362249
23889.2054955
27706.586295
24487.7037351
20327.2973566
27425.0588962
24913.6784853
24900.7379246
24798.2133939
25440.0239656
27082.684976
26240.4033553
23349.7025819
22854.3299231
22567.1815939
20445.3699423
21037.3224865
21979.145519
22661.7637542
21105.431115
28875.8946462
24808.4040127
22113.8114431
25037.8222395
23507.7134321
25026.8074869
33730.7327545
23154.4960596
25535.1978523
26266.8354321
26153.1431462
23683.665883
21378.000099
25149.1587353
24172.9926156
24725.5939764
29304.8976266
23945.93777
26926.2757422
26759.5359114
22997.021283
23924.5224755
25655.3859305
25301.3746628
26369.3388246
23996.0860739
23703.4861321
22783.6507555
24954.6321796
25438.9502405
22814.8793142
23628.4433247
22344.2621699
29410.4807671
25616.8890664
24277.0507342
27079.9707042
25650.0145991
23803.5412612
25780.3790653
25152.8257399
24936.6031258
24410.1119949
22183.5232074
22341.6966079
25730.329008
26277.1659773
24862.9228249
26888.0402133
22277.9593379
20643.2123542
25111.5388458
21068.661744
22010.7646935
23606.9455323
24903.909495
27577.2050551
21556.5164963
22068.8632293
28608.6400021
24766.9115456
25582.3514057
27063.6519298
24550.8423334
25392.5216521
22843.6117308
22718.472829
25871.0437892
25201.8476628
24292.1958174
27356.9916134
25873.8181578
26101.3296594
26823.0027035
26743.7922807
23932.7979896
21953.0688464
26751.9405347
26676.7170588
26817.5001064
20520.3662626
22881.8473026
26204.8989394
23394.856626
23636.2450601
24805.8607988
26342.148859
24319.260836
23882.3313431
24261.1002797
22720.6162448
24532.2802659
25012.6064683
25998.4773576
24955.8474156
21989.1766957
21937.9107887
28743.0014878
27043.0938881
24088.6693834
26233.9632295
24069.3175021
27912.212642
25510.3647829
23596.3366414
26609.0649896
25181.8912468
23707.4797833
21182.7208679
28612.666165
24814.5059485
25201.5562374
23202.543649
32357.1622696
29547.3319883
22877.9451406
22861.9858193
25356.7032039
23196.9566486
21034.5746141
24560.0019013
24133.7518143
23970.2126397
27396.7854574
25926.2296248
23765.6437451
21267.9635812
24269.8155395
25660.5898228
22169.1006966
23223.6940759
21765.5345928
22965.8128436
23019.3994227
21895.5954142
23969.5741144
25012.1290088
24099.689281
26377.5386904
27085.0559029
28444.8976894
26809.2468527
23579.5572055
25751.6765129
25522.6916255
22056.9358427
24644.5163747
21053.4087655
28669.611235
26130.8891384
22043.5759646
22015.0757834
28204.9849168
19847.7873586
23527.1092365
26783.3690919
23897.4563047
25864.8805517
25244.7411862
24829.0895883
26742.38438
22365.1328045
23669.3818559
24964.4855854
27517.7835491
21572.1917277
22912.4588916
20632.4165206
25341.2621077
28814.9035232
24767.5698124
22675.8029786
21243.2504293
24249.5672886
28237.9088552
24598.5658343
26008.6347762
25264.710542
25407.3638384
21309.5306141
24731.0310248
22502.3784228
21863.7495583
23833.7765318
25050.0224851
23874.1512738
27699.1497773
25177.4859913
23966.2474905
32575.6867475
25066.8282398
25837.4693477
25164.7699058
27047.9107151
21460.5736727
25134.9002745
23581.2180343
28096.6157969
23141.7784416
24201.5296688
23018.7059258
24868.8882765
23463.1098894
23392.0084141
23968.9287242
26994.6933008
23129.5571306
21474.7900854
28638.2319273
25551.50209
23198.7490702
27467.2607054
24844.3916012
23507.3670804
26390.8940965
25897.7370699
29850.207198
25074.2341144
24567.4490964
24179.7716986
24939.8510523
21197.9526233
28854.5029048
23988.8780608
27918.8247446
22228.8386603
29756.8804943
20858.4189818
20310.022935
24048.4130189
26867.0541053
24896.330085
29491.6764004
24634.8772536
23452.5159386
24340.0198271
24059.9472912
30570.2049859
25726.7169098
22912.858411
21790.2520152
21112.323241
22827.7588016
26330.9224151
28485.1631145
22674.8072429
25283.4867176
24471.3383566
24898.6243713
29600.4931875
26765.3027617
23358.0156958
28568.0027864
32340.3131114
28693.7672497
26192.3358599
23610.3182978
25308.4980705
24914.8658707
27895.0182849
24827.4093084
25100.6224299
29454.5552798
21932.5774273
24205.6001046
29586.1434987
24767.3313674
25809.4991697
23704.1838584
25912.1217456
24055.1166238
23886.8046402
30478.7882024
24479.1456613
23151.6536586
27762.6070681
23049.5351042
32411.3194829
21971.1673529
23543.7186241
27791.9384785
22300.2671231
28031.7156526
27589.4981552
28017.8341814
25696.0031251
24565.46163
26516.6144102
21168.5547556
23593.7198434
28537.4823717
24381.1477973
24412.7021447
23998.4106464
25824.8516057
27523.4260688
23066.3052587
26987.8133273
25203.3382561
22153.9272381
23340.2208641
26718.56329
26790.7618629
25670.6156252
24813.0356209
23890.7166147
23905.8046451
25877.4364534
25011.2862331
22949.9167093
25311.7223739
26070.1898641
24583.8005418
22148.8834554
24011.0467801
25107.7142473
26194.9828263
25450.8727702
23719.723188
28706.7114803
26477.029569
26381.1780446
27158.5019328
28535.3761419
25067.7591377
27130.2592404
24906.2473931
22671.643124
25899.5835117
22342.0675986
22014.1612569
24669.0894436
21186.8674592
23499.454206
23550.3225365
23504.8415519
24508.7449262
22661.7524452
27378.6061993
27123.2292818
26916.8809121
24359.9014093
27782.6145302
24002.3886051
22041.3970601
25063.3249615
24647.1689321
24833.3457355
24379.2323009
21685.6360571
26105.0578006
21167.2186446
24565.9817019
23331.8477834
27009.985354
24062.0732311
23947.624147
22197.3297574
22757.2169729
23259.5842949
22314.1060854
24070.3657791
32250.1988144
20343.6354013
23464.9286843
25442.0596258
25981.3313946
26703.6499822
24710.0534705
22078.8610057
22751.5360291
29094.1629292
23726.853307
22673.0687374
23243.6011682
27209.7263135
22628.2071756
25040.706161
29709.4257663
27168.9134876
27379.1056322
23751.2022287
22583.3154645
24473.2346592
23540.1567358
24474.276497
19906.5933208
24087.6904807
21778.8328539
30628.8153835
25697.1826258
20697.2643813
25561.0244805
23453.6434723
24657.7417434
26808.6137899
30331.7485186
32230.4290257
19885.3436826
23666.7509366
25626.2959282
23852.7176957
26159.3433172
26555.5454534
25750.6634027
22889.68143
25886.7103255
28111.8810608
21266.5026287
22987.7117773
23588.2151103
26469.9139636
25010.4804993
29833.5336503
25184.1372588
23470.4157085
25336.2628059
23205.4027286
38402.0257941
23254.8487589
23982.9070169
27049.7961468
26549.2209414
26317.3541682
24764.5880111
25606.8745908
23590.4292801
24381.4005918
23833.649394
27216.5921394
29024.9308953
21135.9906908
20937.9423408
21386.3497069
28331.1807883
22612.9354202
21702.8049274
21492.4310631
25609.4843953
26458.05293
26253.1484957
21941.605876
21975.711309
26513.6271369
27042.6530439
26019.2197881
26186.8689863
25718.558403
21287.9998812
22207.3050581
25067.0798488
24983.5832997
28373.4195726
24813.2593507
25782.6453006
28945.649073
21358.2245016
24827.6697987
26477.7593143
20858.95799
24215.9171489
21307.9576433
27900.9945081
26173.7867989
25072.9282236
25112.8792417
29250.6240722
23138.7592267
24222.4924281
24164.4776466
25952.6614994
25750.1830758
26712.4270552
24886.7452603
26937.3166315
23602.6724469
28555.1423137
25151.7967686
23159.4573002
22952.1704819
25569.8647949
24316.1144791
27877.93583
25984.7174814
25519.3717889
24208.9320792
24225.9027411
25426.3358676
25877.0609827
21146.7883944
22113.6553966
23227.1095751
22596.7299924
24935.6669384
24052.0352871
26949.6443594
24624.0525155
28382.3541528
24296.7362869
28284.4178129
26068.0911058
28647.6647128
23381.4494634
26557.7444335
21788.6416398
26017.0991336
21865.8354439
23797.4737006
23757.4339667
25300.7954382
23409.9122215
26132.800627
24034.0235842
28407.7346024
26543.8148387
24299.1629693
21637.8206249
25189.2486762
26691.6266736
21023.3610125
27381.4203688
24554.9356903
23740.174404
21457.3980573
23785.0186967
25229.8063309
22870.4807014
25891.1723865
26323.6797436
24040.1812472
27822.4685079
25982.0976178
21053.7785086
24949.9490315
24027.2212886
23685.3261756
21018.274535
24056.2475702
24087.4581873
24566.928678
22765.2226246
27778.8306692
24668.2421726
23268.5593998
26386.5453247
25897.9972667
24269.9676144
25914.6601183
24806.1843033
23626.1093771
24297.675267
27186.5879849
25610.2870979
22129.1533076
25183.8435248
22869.9301268
27422.8552851
24184.6352756
23680.7946017
23175.8825375
25806.7718031
23275.5270163
20548.7547947
31507.8412876
27659.8124207
25547.1992445
26357.1812522
25833.5602905
27992.8537666
25793.3561055
25613.4046546
22738.1321798
24277.9560566
22454.1847998
23238.7571216
21947.4215956
23536.2273418
25568.9594921
25792.0186968
27213.0239081
23668.6428788
23597.2661506
24323.649885
28342.5312577
20059.5392578
23745.2286608
24458.5954232
31021.1321446
24306.57222
22197.8795916
23187.5972523
24988.1095393
23839.0319175
22791.600075
23908.7098201
24527.7137368
23787.7404061
23354.4243754
22531.5434479
20080.0304763
27358.6997605
24128.9297949
25173.4526479
25879.6126299
22269.9568433
25466.7072959
27555.9793323
25494.1743106
24172.9148917
24279.9593809
26435.4697947
22733.9804333
22188.2769986
22740.2567397
25609.215529
24804.0475714
26950.4614074
23605.3993834
24915.0851251
27387.9200394
23033.9282607
24775.6613445
23367.63367
25550.3608164
26307.3979159
26828.2858061
26334.8228912
25958.688796
25277.781015
23934.3689039
21707.1408891
24896.3638121
24444.5217788
22874.6634592
27720.7647566
24916.7695084
26279.8924055
23109.130977
28604.5595307
27406.4515176
25340.1016303
22346.2639234
26272.6103972
24048.2861175
29143.8427896
25495.5273657
25320.0041432
29898.6733725
24163.8450824
27907.9364039
24858.1334024
22306.1704727
23564.69508
26907.0060155
24790.104771
23163.5202819
22609.5813522
24936.7681222
23652.9841238
25583.9992608
27682.9670558
23543.0087994
22222.0682629
23262.8151448
23587.1415141
24882.5497241
26128.7225329
22073.1892384
27249.269575
21140.0688373
23511.7730519
21779.1970236
22005.1576016
24979.198158
26786.5669791
23712.4732426
23931.7257208
27383.2834124
28114.5229121
24372.6316657
25193.8986103
24587.398855
22228.3078854
21299.0441645
29322.2743051
24701.0554118
26038.3534738
23500.786374
22701.640459
25783.9321774
27327.5157618
21757.7981792
27458.5959127
24013.948058
30952.5462256
23648.9616359
24751.5761517
25153.6978959
23509.7590827
21852.3267584
22160.7537338
25123.4977945
24006.0141943
27492.2088189
27413.6412637
23023.996536
25045.8480419
26983.0761286
25558.2285903
25275.5887683
23214.7304129
21889.5478692
20868.3009207
27106.142804
22876.5108825
27324.8503209
21991.0212093
23556.8341697
27515.1974951
25762.4506463
24273.7397238
23905.0512466
24049.4165601
26142.8672522
23939.7355974
20590.4090247
25744.639238
23140.4281488
23926.6388728
30116.1714464
23910.3240159
26825.2928824
27454.7049225
24257.1438965
24619.1040962
24607.2467798
23060.0209015
20366.3676971
21241.5005162
23341.3247389
20322.000246
24711.2930958
22866.5633415
27762.7069994
24167.9709477
25114.7886954
25982.188377
25224.2096519
21425.8310946
20753.4031368
27868.44003
23165.5126767
26124.0435011
26036.2054189
24213.3146229
21548.6391572
22529.2590344
23543.2745118
25971.4499311
25082.9897336
23305.4368965
24660.116719
24701.0499904
24981.6164745
24522.5187606
24097.7042288
23328.053678
25010.2199558
24495.0263854
23520.2287938
22733.9219384
26213.7306085
23871.0186561
22398.3179097
24620.0002539
26385.1792185
26008.5282719
21125.9076371
20790.7550515
24214.0268632
26551.6612672
24281.2073014
22255.0845599
23658.7208589
23803.4016482
24962.5880342
22667.7332881
25472.2698487
25007.0519376
25056.9630836
24737.8273182
27566.6633714
31959.2520726
26555.3639416
26728.6589815
22321.3200498
21070.8353617
23278.2815588
21702.8335966
26372.3694191
22399.206077
22574.2955985
23366.722394
24998.3475179
22417.8064618
26750.8650955
23350.5620484
23384.7735045
24393.4882769
26397.3357064
21573.7584598
24093.3479989
28771.6265345
26045.08486
20935.852633
29141.4008801
25041.0135125
24233.6883677
24137.7651047
25520.0662837
25244.8419705
21188.0115696
22338.699685
22621.4503694
27001.0015307
22825.9579817
25067.4549307
21811.0203457
22470.2465702
27301.8251041
21648.8028111
24552.3485132
25288.3200392
24045.9854893
25409.3825989
25154.9566842
22231.6866046
22862.493248
21083.1320875
23638.1811596
21376.7297041
21946.9553221
29695.3350244
22757.1838507
28865.9799579
23691.1839181
21071.102675
24592.6050607
21095.0215736
25708.6430656
21705.8587047
25248.8598777
23800.5145583
23926.2865548
25072.2085814
25991.0007917
25589.0019712
18062.7633271
24886.3654788
21344.5878829
21965.703587
28391.5891069
23621.8194655
26179.2924084
24040.4956676
25067.5862387
25168.8656045
22451.5519197
24170.8354999
21116.9281685
21617.048111
23554.7057807
20378.0120357
24770.4549261
25652.1660856
23665.8411031
27716.1323628
25521.4817088
23895.3852346
24399.5838279
24608.4346465
21915.147712
25033.3741135
24315.4492347
24283.8518609
24736.9192907
25129.241138
22636.0172446
30000.6561929
26720.409787
23156.9971187
25512.9674389
24882.1684231
25948.2762726
22576.9869857
23639.8747672
25271.0227758
27409.1685564
23702.3065217
25125.8450094
24306.9746905
22231.562306
22573.8431412
23506.7038925
27687.7933912
23922.7054795
25782.4043396
28699.3552429
18465.6321032
20796.0333396
23883.1860851
23440.9645261
22071.2896073
24917.0300164
25706.5481362
24216.7440936
25360.1706819
25039.6500533
28705.9293481
25840.1245525
23472.5918338
19142.7693866
26362.6999329
26207.4077632
26135.1637444
23023.7843434
25569.5817326
26696.8947331
30113.642984
28593.8359136
24268.5941635
25519.1565067
22613.1403068
22345.6066885
25630.8760324
26250.157027
22958.4399419
21502.6421499
21941.5438016
26439.1779506
23969.3112896
25614.75165
23334.5282652
26672.418665
24570.1513923
28585.9186095
26936.4206744
21063.5812529
24727.0749775
26277.3296746
25353.1247491
20835.7348126
21863.3111013
20820.2827504
23497.2833331
23885.537932
27292.5726052
21792.9514038
20126.954435
23315.8354742
27058.9580594
25643.6539654
22196.8003562
23759.8315405
28525.4202724
23320.0468021
24578.1144667
22086.5619282
23386.2806122
23506.349961
23784.9077595
28591.219103
26477.3054418
28334.9687809
22396.3106771
26471.050901
22189.8444731
23804.6232342
24109.9456007
32692.390557
22237.3480173
21638.5299475
27604.2905883
26766.5539571
23671.6227239
19329.2199555
25613.8206047
26664.3680311
23307.3150453
22837.7980459
22581.710424
24033.9197799
24480.7110463
