54841.9396595
66192.2108901
71252.5693974
64286.3611521
96150.2399523
51212.047102
73969.2858872
68840.8419886
78790.9173567
67858.8334262
87512.121024
59280.630025
53410.3311305
107336.206156
67143.3797028
50147.9367106
54793.3733406
78619.5614206
59593.6797634
53442.5544361
78044.6572414
55860.9125613
59582.4611752
67469.9465568
63930.685476
66416.0866349
69482.7224361
53513.1061774
57948.3938699
52574.7550589
53299.1539683
65558.6911383
63796.5953269
67952.1958103
71524.9944795
55987.9282985
65558.8344094
61733.0254181
63667.785353
57449.4454769
53628.514562
64961.3373111
51706.3455504
61527.7112873
59324.6643207
51991.3926444
71101.5501799
66716.5262712
62501.951056
62237.4387238
76712.564492
65861.1290476
64904.1324735
55014.4928943
62088.4347584
104840.389555
63655.5750759
58550.2239122
55067.2058451
50355.1236581
59431.8216448
59140.6339091
47863.2839645
49740.761519
56169.9312697
71639.8542229
72485.0149666
62574.2719537
52614.0899814
48997.0443045
55552.8172294
57868.9141735
50511.5884003
71982.8890232
56826.5370549
54825.85319
56909.598659
56654.1048784
52414.9757304
56667.5775466
52359.384606
71160.8906657
61828.253851
56765.0861193
52337.5211046
50138.4816072
59133.9860933
58694.315575
75422.3009262
54038.7591758
79681.78017
65613.5887815
74777.3026378
58320.8231381
63153.1384309
60943.3783725
71677.2846674
72212.4394053
49560.4031335
69017.3444914
66077.8326535
55452.8409962
48614.5086054
71298.8860675
74749.1994938
67482.373024
59208.6768806
62066.7908466
52268.555579
53102.1978301
77882.3852941
49680.2507056
63499.8362773
62203.3934093
57896.4138532
66140.8021281
60183.4222632
71297.5319805
55258.5974019
69952.6669308
56946.1233041
66779.471097
55774.8753869
61370.483094
61843.9344868
67050.2921898
61031.5872119
70727.8044245
47571.5113819
63998.2275438
59601.8365061
61957.9534145
49199.436994
63760.0842441
60085.7088323
63631.9442101
65339.4747533
57377.8081406
55906.6915616
60681.0529602
52783.0352174
54137.2079555
65358.4167459
57144.5130252
64373.0380668
65236.3106028
59047.8220972
64704.4372708
58373.9765089
57454.1992515
54256.7078707
63978.7869455
77514.3248369
62538.0090161
54483.1163327
65792.8780238
55789.0514634
54735.6940235
56841.4634062
56224.1379767
62702.2487793
68471.8326203
50876.346812
57445.9199732
59751.1971585
65672.7132646
61181.0817637
58911.560019
58080.7046144
56894.6555465
55132.4881117
56094.3875787
72523.9301047
59495.0962557
58525.2991959
56563.9358423
54479.4129688
57343.988409
58851.6152282
43565.3404661
60864.7420611
57963.1198388
64490.5424114
81666.3602702
63914.2222777
73244.8924024
63076.7832915
62667.8613341
67038.7720047
62191.4224805
63256.1398938
57169.1877757
68823.2348743
54874.017096
69965.8737789
63131.6351108
85885.5507154
65109.4111757
61985.1930924
63485.647719
80138.7912642
68806.0176152
67147.9702782
59042.4237538
57516.2777868
76393.3431148
57773.3141379
59075.8011475
55467.9746034
63127.7422094
57478.9910411
52448.0610765
57141.3371642
55378.0667193
59288.8941741
53049.7296419
60617.0878727
58811.375919
63224.0147416
49805.7260583
80550.9335041
71694.7480663
59046.0141264
55111.8726229
59666.5449082
69822.7931076
54467.9894221
61715.3803112
56634.0401576
59215.3032164
79819.2485948
58901.1958565
56870.554475
55839.3187622
54829.9532429
62879.4503847
57641.8696062
55603.1073303
59797.7924675
52652.7727432
49033.4470459
57811.4503704
60866.0515463
55472.9103164
77852.7275261
60197.653687
56468.5630638
76876.3623436
48489.4627437
50144.5145686
62779.9401725
64523.8995262
51623.2980223
64368.0171147
56087.5413155
66525.6151621
82468.6039301
56795.5775831
94183.4590894
68928.4900699
57169.7016876
51831.3959048
55780.6618846
74412.4396171
72053.1602194
53158.4243153
53255.8193585
61182.9401519
61744.7749526
57653.1585734
62720.2308318
60037.5612593
52573.0518771
69380.0962758
50243.8179814
64448.0838076
77682.9331302
64756.3570406
91615.649568
73346.4921346
60829.2940512
49585.0392735
73344.5532175
67350.7204367
65951.9037429
65114.6511499
60886.5024421
56061.6102312
45073.3526814
64150.1043465
65371.4325227
52219.8036209
62757.9958586
59109.654229
58733.6285367
49890.7720877
48811.6739347
73944.0381591
67835.5301809
55764.3838398
56940.8250308
57389.5679235
72688.1175075
56173.9391633
59765.8260517
61535.6957317
54687.1107823
59996.1187819
54898.7306553
84262.9345469
51321.8221238
56587.4005664
48241.893312
73671.1963789
80466.8596626
53008.382578
60975.6175923
58923.9026997
56835.3519816
49536.2045746
71356.8451468
78723.3942066
56683.5695475
72393.5456251
55044.9317019
55453.0496785
55373.3333727
57917.2426071
79028.6359782
67890.0353383
55311.2119357
63755.7895138
52028.4645537
57159.0289444
62750.0288392
61228.5184181
48579.0380767
58449.0377499
58073.0965513
64916.9626266
58938.4758274
55680.3663365
62172.9800277
55323.3895441
53196.4715325
78082.9888979
51584.8674223
77769.1224157
56803.1070529
65725.935837
58805.1191286
62516.3121044
51662.4156923
57929.0213632
62953.4319439
64666.7398244
125191.571889
62756.9773386
54694.0212337
71039.853595
59518.450615
52665.9412797
49606.315617
57122.1480356
57054.0127705
52807.524515
54123.0638939
61540.3080003
60914.1965226
57907.5825093
61335.7522182
52430.5850486
56681.36168
69096.4554484
84374.6503049
55786.2392056
64853.6469517
56495.9167043
49564.4625796
73306.5538962
62464.5145768
52691.0373203
53411.160313
57310.8650342
61392.4496183
57460.7832793
66364.5974864
55205.018286
74697.151242
67108.8978244
55198.0440683
59363.0278513
69090.75538
68979.8661621
50207.3544267
49668.7202548
56276.4088637
51847.4519912
59500.0888852
57822.8170031
56028.3011485
43825.6502624
68370.5286708
71553.6703032
58688.7495118
58006.3368465
54296.3258347
62937.3986536
61743.6168816
54357.9820727
67358.8779176
53934.9050634
56805.9486553
64277.2681626
54725.3244761
71721.9580322
57009.5996795
62733.8458402
55111.0038443
74800.8755676
77156.6280818
69494.1308629
50750.4373007
61406.3839815
78157.0564338
71339.386017
54544.769788
65354.1154537
57692.8240124
65322.102399
50046.8009955
57720.1626142
50052.554712
59247.9079407
52962.6502453
52364.5260136
52889.2476528
56612.3480454
71080.8171691
48003.9807865
60203.1251711
76677.5077931
57861.5802374
56734.855791
52895.7748771
67836.8194547
75531.7992566
59684.0316884
99359.2206617
56205.3252698
50352.1180698
52301.4511977
57544.0962176
71298.8961857
53857.7373189
62874.4959547
55917.1796986
50723.4237803
71074.0105666
57498.4543241
57437.414044
54367.825347
73910.870391
57104.9207304
61617.9632003
79251.9560743
74380.0271636
69926.6151792
47342.2920252
59200.1398715
75525.4515586
68191.5343868
55940.5331465
69407.7877711
47647.1477228
72770.1268029
47899.0342692
77816.8296498
59778.2791606
50608.9840088
54146.6041656
56913.0558943
51121.7464051
61754.9669141
73625.8376437
54129.5060943
55838.0295962
69068.7619675
52961.386344
70346.333997
56470.0625968
55223.5133762
60192.7791552
73114.467683
59297.9355476
65325.1726821
74025.1602709
67235.0116507
79669.1337615
77736.148958
66244.1997539
74432.0745688
77824.2723845
51647.9435738
55711.0383397
53162.1079475
57094.2400875
59641.3323104
58921.6530051
53102.124193
55250.2814276
49342.258442
52465.4473232
53666.0149335
62999.1610011
54701.8950955
67951.8355736
64080.514378
59835.6360466
66093.7931797
50584.3459934
65597.9905885
49891.6238324
53300.3894052
58924.8268751
68889.8089324
50178.3933502
49843.7879314
79131.2067897
71026.8951517
65413.4430926
78926.8722883
50500.2871418
51020.6880263
77194.7213605
53953.7772953
83293.4477781
62885.5573755
58640.0751552
74522.2699476
59152.1386517
78081.1115014
71727.6345641
65308.2679492
56848.2339843
54900.7546857
51495.1445047
74768.7074358
68480.7660544
61444.0888633
59232.9703193
54348.5736891
53234.5222683
57256.3681343
64121.7744062
52542.2862842
60902.7327062
59098.6065824
67428.2898228
59353.0720606
62879.0122637
52445.4598022
56478.789087
55506.3277684
50282.9390832
65690.6100431
66075.8173573
57734.8827691
69598.0380514
73872.2755178
87663.251861
51083.8466306
53524.8962322
71995.1105867
51673.6141898
60094.9331932
51920.5778317
64136.3500382
52552.393941
60881.0735687
73934.7183053
71379.7553866
61600.8979297
53874.4315972
57479.2259371
54738.2453526
54852.2513571
65315.1346515
55361.6349664
76742.2273908
57192.7358599
55797.7737976
53426.6672886
69053.3624145
74101.4421302
48800.2230836
56673.4409683
89288.9872859
55228.8560186
63325.4364644
70167.6185681
62937.8777051
59039.5672414
50233.2087417
62838.3311547
58139.6900776
62657.1516608
62454.8503045
57737.4303394
58615.5615149
55793.4607656
60948.9826693
53539.7287914
62854.7290381
54887.9140488
66120.8094904
66770.9146709
57606.9869007
59614.5160612
65676.2927273
61424.4549083
54007.7130984
55178.3039417
64019.7045574
62168.6174697
64128.0538815
62146.5300212
56393.882162
60482.9518321
56828.4654903
65983.6597733
55808.0259041
50448.8976291
67851.180386
53912.0049299
56085.3801781
73383.6417129
49271.0245318
64431.8568304
52570.992679
59456.5191537
56118.8181803
60849.6197746
70407.1969131
71575.752871
54523.803638
82969.3563473
58841.2084135
50340.6219999
52120.8817448
51530.2170017
54133.5995387
52406.6447937
48153.217691
61250.0972328
68561.689513
65465.4567724
49521.5761964
62684.9429559
55070.8860882
60719.4516305
50076.7268418
71793.1100128
62034.0470644
66529.071852
55435.0472026
49776.5424931
53712.2563979
48617.8350347
60262.8943006
59745.5973959
53305.3161482
51040.6987269
46182.2810252
60070.5420419
61802.882056
65049.2432566
66164.6442238
65318.5473856
65241.9821827
69304.9635617
56432.7993247
61232.7034978
60508.3370257
69576.184907
71019.6279497
71665.8882929
61339.2826373
67570.3525384
63223.8639744
52835.4175361
52314.9939798
52613.784225
52478.6107807
55061.5396819
65795.0997927
55701.2239656
54661.2496311
54087.7531446
54093.8307863
54649.7497425
70709.2491942
57094.200616
51899.6147253
54754.7267078
54109.9234546
54234.213145
54694.8884833
56656.0473145
73093.318734
51460.8079683
59571.5352117
59955.5673499
58636.495082
64731.1064298
60721.9981023
67426.6705014
58663.7384861
53339.3356274
56820.2909654
59779.2832467
71068.0151711
61176.5272737
49602.2237469
68236.5725469
53222.5020941
59473.8193116
56993.8745353
68598.5986217
60254.0014014
54027.1875077
67310.9965115
52432.574913
56707.1578033
52204.2152831
65103.1831385
52768.0569558
56455.6585931
50412.3612155
58571.804631
57070.8553992
71209.2026739
69899.7355382
63898.3690676
65274.7855916
74727.5708333
72873.344837
58879.3767242
61765.5573448
60793.7751947
68592.5265316
67971.1091395
62972.9763633
58678.1692067
54040.8839245
53759.9490809
63831.3501772
63381.473312
47113.102404
56090.3559448
64695.6564201
59006.925781
67136.7381376
88740.331947
60827.1163314
49980.6160289
55300.3818197
58987.1268123
69554.3416217
49745.8189549
54877.4406023
65303.5268498
66395.2887987
54509.5231512
53189.9293041
69186.4684917
51328.023892
62485.7027465
51350.3775043
56912.3843183
57731.9439399
57193.5652179
64428.391592
75327.4117571
55716.9739211
58906.8758864
58839.0240899
53693.5766884
63883.5089957
67549.5799243
55967.751277
70526.2413938
58425.877019
55329.2955331
57524.194717
56368.4353601
59739.9002869
60357.739209
52455.9461162
74201.3362327
51654.6923929
61980.082579
61075.538409
52058.118807
66963.4992194
66264.7762768
53210.4337158
60527.444201
53646.9191579
56157.609752
56741.150918
51353.036548
61366.8876089
57694.0830924
64866.2539077
56577.291707
59450.6447667
48264.2795339
58010.0528087
50652.7929992
56053.701646
59071.1545033
67739.3923621
70246.6834111
56847.6174012
54807.2076943
66844.6289222
54969.9468703
46267.7341388
65246.0485095
52664.1089162
68338.4072787
58628.9647757
57675.5228452
57491.7850032
75794.8761215
51190.7573029
58473.36382
62976.5169139
51342.2130441
56675.4179424
62514.6463434
46585.851501
61472.3401554
70892.2141222
59711.246646
54705.992367
60526.9189526
57380.7492093
61212.6894622
72106.2339441
67655.6988802
48829.2564955
58497.2572701
53489.6633083
74246.476997
67349.5730181
73908.6697471
83273.3357902
60089.1780211
71376.1923378
55220.9598445
62404.024295
60497.4804572
55033.9727555
69858.4261057
55948.2561371
81231.3056252
65504.2755278
73316.8993651
53067.5724309
58455.9256799
60688.8939673
56316.4483072
49404.6315475
59971.18061
51586.8081984
50453.5788544
54375.6531293
75299.2666868
67989.5192301
61925.996175
69885.2325677
70933.1363532
67422.5465333
54762.9822899
60053.637173
54020.7633865
57990.2642679
47792.2059569
62239.6998997
59516.594001
76682.2847406
52034.5920143
59151.2150351
44988.8196856
54245.133866
65899.0057568
54328.5271608
57359.0491722
69887.725187
62001.1381878
52191.6409951
58549.3573067
65305.6068529
54242.3743661
50802.9358941
54685.1712539
54947.8755383
75674.3862718
59809.1340543
70400.7607908
61002.5213008
60403.278948
56814.8591855
60088.9196822
52011.571415
53658.1838172
101132.22524
60081.3936772
53946.8270002
54628.7231486
51678.9920086
55285.2949451
61795.8021127
51947.5865589
58386.4312662
68200.5478807
52682.9078196
50523.1807221
71493.8655889
60422.0156365
63334.1336515
77511.8850714
65601.6829304
60851.769857
62512.7885936
56452.9779419
56370.2952209
51827.4232862
68678.6900419
58473.983112
56202.4033773
58049.6151985
81149.4852049
57232.6695591
73818.4417339
70169.4216251
51028.5050701
46005.0863111
58164.4636333
50921.8578288
54635.5155128
77525.8882097
58484.0247271
51756.6632775
68690.6083279
56762.7573405
67060.2456054
53168.1796561
61734.4687569
66022.6638691
49015.1853535
57209.8704168
55456.6476085
55370.8051413
59448.2220646
53146.6818116
56894.9248957
56335.5000732
59747.1814528
58730.8120565
58666.7025868
56151.6087412
58979.4992848
80934.2593985
59678.5075362
55074.9685551
72066.2347248
53156.033927
65070.0768303
58988.6402844
56209.8789898
61460.2179352
60030.0529366
70871.7547061
53654.3458985
61687.0328787
72600.160154
51027.4454659
53625.2653165
69673.0394606
57381.6360933
60001.4156625
68882.6140561
52631.2080273
63346.4143189
67092.9347248
49549.3022979
74478.2976354
54896.7560576
70850.5924859
60963.5262685
68618.0923981
61919.2306499
59356.214584
69113.5439396
55244.7705448
53981.3704045
55964.0237429
55922.0093217
51371.5124266
68379.6880903
50788.2742425
57480.1629543
65577.2571707
59732.6293234
56901.9577154
64610.1078448
62328.0592782
56405.5287061
60081.1660077
58068.3163429
57221.1714356
62881.1203189
58845.1757786
55210.6526961
67042.5678186
87538.8871735
69269.9793164
52179.3286008
83265.2481716
57490.1772017
69120.1881802
63496.0187925
61868.0315255
68170.9921863
59550.4979957
50791.0300532
59627.4458865
57660.8808582
54321.0185352
56152.9093413
56261.2732673
62836.0448717
69349.2539687
76661.8345881
68518.7773445
62805.6138912
55394.6863695
62681.8300007
69288.9567963
59749.4196372
59145.4418318
58994.8642474
58864.3303345
51421.4932403
50308.7676692
67622.4528857
72548.8256601
60017.6715989
55329.0074921
49188.9918121
55299.5834078
65448.1682676
69362.9478008
68397.0547255
49136.6591361
77360.0922371
59821.4621824
56357.8469009
57076.5401547
54556.7375177
50918.1026731
59374.4195706
82820.697615
48959.2670396
48457.3231763
49479.8251268
64567.5811466
61131.9707723
55922.6832746
58134.2352408
72721.1409977
64355.9924763
65889.023651
59685.9159863
62248.6363155
72354.135602
54868.260442
61111.528326
55564.9440554
65582.3782415
56645.0073659
56672.9321498
87613.2002732
64127.3348025
48084.9046688
66974.0006032
77314.1275573
54230.2727855
52589.471143
50758.1914744
55606.2961471
59630.6174952
57319.1583887
67192.1647719
57459.9628897
55579.1322759
58705.860743
51392.0093317
55629.7723213
70133.3858371
71377.3498525
58568.774904
54072.0364738
53463.0310446
55723.0328632
58522.3859302
68330.7153791
64644.4104681
54665.0604084
62913.4221202
62302.6558143
53886.4869964
56336.0711336
68067.993779
57147.1174812
81156.2764084
59517.4687365
69301.4236928
72227.5141398
51805.4510704
80216.6429555
51554.1887389
65409.5237115
54264.16782
62609.387024
57053.0986815
55406.0912749
63675.8867773
66535.6071924
51725.6832213
54331.9923435
59209.1544154
50865.2478446
61388.0023869
67897.5983352
56539.6745691
69534.283486
59481.1828946
60800.5330313
48141.5298113
50141.1097583
73310.3933248
67870.3371108
81221.3487946
54439.3528929
52915.1207339
92380.0383881
57897.1310159
57105.7938481
72384.2507587
61370.8650767
74490.3709959
53270.9172233
59375.6030953
70477.5786866
72364.7499777
64249.8225024
57361.3793255
56863.844677
54498.8435807
72922.367593
57681.7546071
62750.6055992
62448.1473236
55042.8516995
46743.295329
51933.7266598
66897.8243201
56317.4317623
63077.1925051
52007.3671748
61111.5208605
66762.5325662
59236.8976791
56598.8758012
89762.1502294
58098.5999406
68028.6262412
53221.2059125
80142.2706105
73647.1694232
48049.0301773
64964.9140047
58937.9071535
58319.8572658
72935.1440882
55841.4109297
55676.3856534
56946.841014
67396.4890335
79975.7195461
53352.2058609
76889.1717477
47861.6964253
55785.4469548
57067.9649935
65603.5762694
66271.6219069
69436.3939014
54779.7401301
62530.3768559
58001.1454876
69313.3260334
68487.6379801
58957.7012958
57911.6430132
61783.8064873
64553.2655897
66716.6473647
78516.6873421
52547.6501261
54694.1543498
59597.2396381
48995.6099078
50029.0099911
58798.3741578
57228.9126894
56456.7469129
60111.0269601
54933.3959498
58035.7959186
55196.7439325
55851.8335267
69006.8967782
58747.2940622
64082.7194988
60016.2366763
58527.1647298
55729.2757331
59483.3307891
67138.572967
57202.1255872
52242.9250487
50018.8747804
59927.8292739
73807.9560357
54387.5668026
61040.085993
54704.8233415
54496.8341223
50389.6177851
55460.5842764
63373.5220983
55959.0210164
56188.3998238
56363.2650228
79278.4060585
54982.3794092
68062.241241
53065.9940894
61576.4303786
57335.3984287
59166.9056141
85197.9580699
57448.2058888
49908.2182541
58238.5321145
65851.9868043
56304.861502
55525.2521551
63441.8627418
59798.2501085
66253.6135617
62381.9970025
59512.2297413
65652.6452456
59410.7242391
64418.2193377
60068.659838
69880.6429827
54322.9057087
63586.4173094
68461.4203558
68541.2056989
66344.4929955
58434.6972951
54935.6325817
73566.8074377
56980.5391244
64862.7987914
55154.6750824
67501.4420626
66746.9601757
55920.7088152
81003.1826205
59966.0129107
48950.1078991
55662.0887798
57603.2380083
67090.0661286
54306.5255372
62545.3499057
70344.0289259
55795.3471974
58735.0249491
58393.6696141
63021.7659832
69511.2799934
58439.9566808
70077.8225348
60859.1404331
59669.0777896
53273.6769731
64139.1813215
57663.6324319
59795.5904211
64141.0298182
69372.600346
79556.7175062
55364.3927016
48586.9657358
53330.439347
59927.225036
65491.3112314
53871.526611
79245.0433864
74144.4829309
71145.8951532
60114.6303187
69043.504114
50382.5975046
54547.674131
66106.2292985
49229.0361914
55440.2688495
64238.1143476
56474.6328657
54421.6339485
69155.0738459
64809.3816667
57939.6897236
86065.0307644
69397.7273629
53144.6492024
52696.3641934
53045.6740694
54630.6124939
55602.8985465
53810.551942
68965.3666963
57356.249479
55343.0926687
65881.3033718
58949.034924
59141.1068377
55348.8266745
51247.7792667
60135.2257214
59227.7379824
65170.6569988
62577.0051996
72195.9551267
53989.3771312
57806.5563227
60139.9983958
56639.517329
51115.6732663
59314.0838338
78806.8938659
52344.257354
60571.7396522
68598.9028839
55182.2742631
70202.8979121
67841.9613543
60155.3930612
66300.1617056
70795.8545094
57533.0356336
65334.8809292
62211.6458898
55798.2211687
59783.6791853
69322.5722203
68159.905458
55238.1383033
71733.6517564
83360.4212267
58022.1159974
70096.7827525
84197.9963627
69193.2383222
59706.6021392
59548.1188826
60800.0376517
54080.9361844
51788.7949589
61604.6635733
53485.9220604
62818.3061466
75529.7346439
68938.9882972
68762.6864752
57839.4215363
49417.3149915
66179.9881367
71255.50832
66407.2856929
62898.8025894
70246.593868
56643.208023
57896.59639
63081.543097
51088.1972404
69137.7157872
67438.5950355
64036.1913541
54387.0936359
54344.0798353
76138.2896815
73920.3710594
75767.779952
69114.9635991
60429.450018
51902.6753767
52598.6443406
60824.2266425
58643.1962987
56838.3699525
60232.2547568
53559.5078089
59152.7921538
64532.7462653
73282.2665513
57062.6284967
54608.8073892
57448.256638
56916.4215545
71919.050642
65400.2799737
54460.877399
59749.3450973
53128.9775717
56962.2841001
66585.2154859
48097.3481079
48992.5890763
62359.058883
60991.5129078
52006.2741306
49935.816658
51878.1734207
47676.0502343
62206.5076754
96361.4263297
69053.8132581
57371.4801849
67332.3823902
60144.5139102
62813.677141
52300.8359745
57727.5250465
60908.0801392
62656.3434096
54877.7426524
53159.9477071
59030.0217084
72707.8353587
54836.4759309
53477.1804805
53621.8046261
64017.9413661
64980.3090613
59433.6737743
52373.5916194
54959.4351897
56569.3285342
76258.6969985
62924.4203939
64394.0626309
54599.2380096
45453.3090679
70911.6230814
76822.3383565
51452.5334481
66425.1335661
54159.2629322
64749.437422
63855.6852786
59360.4283187
63627.4633956
73583.2066614
77256.6403162
50167.3752504
63189.2679951
49563.5001646
79253.811528
62589.6136942
59795.6379713
58425.685163
53490.3469307
63922.3618735
53103.7936591
48865.6652774
52613.30444
57035.4862498
49004.9696241
59055.6137998
56729.2891933
53460.1581097
55539.4667143
52408.2372775
61113.2938269
61071.357058
61707.9540177
59906.3598021
50987.6983481
67482.6135262
49565.624574
50641.4038169
46756.0084547
63556.7447178
61139.1129268
77024.7503745
55385.7628714
56363.3877257
53358.13563
46238.477342
77329.4491002
71571.1446263
55392.6572152
71268.1315901
65465.5364466
61021.9502509
58152.9092029
63783.4407786
55589.3586233
53216.6691947
60189.1161294
67042.8726492
61960.705706
52871.0731527
58416.8800274
71289.0789903
56693.3746206
63912.1675559
70932.4795161
80412.287854
65301.5243407
63973.2325713
47944.0609459
72481.8179596
52192.6239265
60813.1595576
53003.8261827
57701.6734525
55963.7504592
53619.6093712
65151.1538319
55771.9714998
51269.0425962
70111.6812048
55992.8648903
79820.5579679
52435.1657929
53780.6765838
53077.2719536
57479.1064223
63743.9195812
65556.573743
75098.8293319
52276.569601
54208.2155853
61368.3300145
75965.0202824
51506.3463777
67318.2461043
50947.7899193
49821.1445562
47936.4715942
69044.6215933
69835.0773649
61153.4504513
72991.0975266
71670.1056809
75617.4107984
64377.6439978
53788.7437296
55583.2592574
59024.3269838
66488.216741
77894.0469829
61683.8369694
64678.6686502
88424.5348853
72995.0600827
55860.8491102
60190.8510169
60373.5206388
66983.1755034
74479.2179929
61703.4901611
58717.8109876
56604.2808489
68042.9347251
66938.1741359
62039.3996423
65325.0185166
59361.7281254
64685.6295663
65144.1269153
61533.8061001
76278.5898706
66713.934579
65396.7744893
50355.7678142
57210.2323304
51872.4066045
60208.2169415
55411.8624419
55880.0860889
50236.467993
54171.8465882
53675.1767056
79547.3083662
70950.3502545
71465.7325468
76550.3790262
54482.3835392
57903.5309549
56899.4078442
51067.8304719
56692.0524007
81949.9728447
57360.4651792
62227.4634295
48219.8957764
63509.9375329
68123.2476852
57991.2911078
49951.4356005
55028.0464608
63753.5070769
55417.9430035
62295.0287299
64966.5851638
57833.672033
56200.2985984
60107.0190995
62523.389118
54258.7855598
58757.6631575
61428.3042545
67852.1014773
46679.6226683
59638.0182717
64174.6678457
58639.4064169
82867.5349762
67818.9097619
65225.1992491
63568.5317591
52187.5778888
60661.1480496
64276.1314398
58317.4242162
50143.6040313
58471.4048333
53413.1861839
80253.419611
72528.7882701
46483.5267912
63215.9490928
58636.5774677
55176.4576387
67548.6276364
62674.3763151
57728.1522547
66303.7328649
56500.3598693
62506.0554128
62379.8974512
58675.8497012
65598.4131515
52823.1082777
60216.7726261
66272.6591256
65724.646972
81124.6253267
58047.0099936
47333.1117016
60509.0326413
65094.1043596
51764.2829515
56031.4678127
61636.3865353
76502.0199029
51809.2189683
62061.515305
50783.5736781
60350.3581089
58594.3693625
59194.7470934
65293.8091803
53982.1153863
118494.814769
59508.2963716
55152.1256546
58127.7304372
53225.5491519
57863.4154111
65562.3394103
61403.6562344
64489.1160452
60560.3514399
57185.3058439
56735.5628373
60038.0444914
60182.1278577
55001.5746775
57512.9328419
64417.8906329
62834.6792885
72775.0716572
78065.2855326
60956.0490329
50365.5947517
62247.9721912
66359.0399678
55199.8864326
67456.5333977
53870.5983053
53958.728848
50769.8492863
65202.1222981
71585.6156562
72640.1143896
49335.7389958
47398.0966059
66925.6060778
63637.0254454
77680.4537465
68213.7136949
53467.2462666
53092.1977597
57534.2568779
57501.7481754
62472.010793
48596.0858892
53342.7294445
67447.9325192
59932.1072915
62079.0638266
60907.3054001
59009.5441799
51120.3338979
55494.0549528
53692.823277
66576.2247812
77021.7797167
72078.2477033
56055.3481318
51976.9931771
56593.9859169
70030.7777397
59576.8667524
60480.1028067
59452.2207101
48290.3419768
65102.1325082
71441.6552645
57221.8938056
57729.5729628
52719.4444241
57178.8690353
63108.5492595
71659.0015906
63355.9890395
61057.6114603
60098.0776147
68874.1691706
51303.8127091
70807.3944752
84952.5677398
62229.3480474
75350.4015662
86228.5561015
61865.4373593
63962.3488358
63689.4488192
59337.2740255
63975.1909598
59658.0993893
74211.154984
55420.3447227
51868.1352905
64872.6878471
63081.8232174
78154.9577621
57349.1271086
52259.746057
56215.7108416
68147.3068299
66790.3949041
49866.0737338
55593.1998429
63132.2843993
74306.7518082
58148.4664099
75576.5386427
59574.6508693
79352.1467969
56713.8774953
60096.657383
69561.5678236
54267.5954647
57943.0838323
64701.2919083
60889.6843262
53533.8862882
69848.562881
52193.6211269
56112.3375461
65007.2254965
69519.9025099
58643.5263537
55085.7359537
53388.7834904
68948.7020816
50784.7466394
67595.0413009
58487.7699888
52695.4574591
70453.9596198
49914.4521271
67213.7927524
68594.2632399
59798.7549882
52812.2879416
55665.9675065
53899.3062924
59673.6655485
63429.893605
56626.4365042
61762.9884375
63162.8363728
64185.3129533
66444.8058537
53552.2662976
51550.1646699
59642.3299572
59412.7650607
69337.0554023
64692.5672515
64131.0711512
58910.4006599
58459.3341821
63691.3348285
55097.7003779
53211.8843313
54281.1156124
59852.6281048
67236.8624507
53794.579832
50440.5517211
58537.5274282
52643.9589534
60287.9261267
55471.1086372
72985.8739116
57769.0466304
56861.6258943
58014.8600883
50336.4122395
57497.7454797
62582.7122378
57396.9390635
52680.8555414
55402.7526029
74384.9437336
53712.0893777
52059.2666919
71453.6140871
64219.7490661
57602.5389396
57895.0337929
51753.2312182
63685.4228308
65086.769548
47648.1614083
78438.5815998
54105.8898896
52947.7454018
71521.9851898
71424.6927332
74230.7414881
68320.0712831
55311.7332021
60840.8399424
64429.9328529
66800.6485759
67333.8407296
63471.6100182
72912.2727016
70309.0314503
52779.6273437
68964.053056
76866.0723592
70688.6611943
76438.8582219
75390.1589099
51106.7870772
58410.4178323
52906.6789715
60436.1078753
63285.4348312
62062.0188089
52936.433669
61960.833974
71378.6279693
71226.6571197
54203.0515161
63307.6622976
60445.3812844
59293.0875224
58097.9704563
56564.807926
60056.6159017
63894.5897028
53590.9185802
69622.3785752
50943.8117535
54367.0218145
57374.4416019
69959.5424102
61498.6913661
59018.268454
53914.0376639
77473.6032583
67984.7696913
61559.227147
57722.4576593
59550.6759846
57628.7088804
60936.3397188
61161.5119495
70529.9915843
57235.7529047
72793.832918
56455.5610394
59281.3032157
68674.7571566
54775.6310762
56538.4067517
64172.8794747
51919.3960721
79687.1609426
50882.8405812
63317.7613703
52843.7443009
55807.1237475
75023.1846921
64208.6666661
65512.5300383
66065.6885333
54380.1255236
78449.7956427
60637.8012139
70376.1734874
58448.7232199
66555.3116932
52246.8892299
51188.9233761
50954.9540048
59847.1576758
50964.5478514
61767.2006404
70989.5697141
61565.5730349
58296.8260768
65044.1185258
59181.5184794
65138.6845629
71526.4853569
71422.1519036
52017.67118
65398.5603084
70403.5262688
62622.6496942
48713.5095542
62276.6077517
59171.9439181
59349.4417421
68565.9863947
67053.2519549
69342.6836668
55420.3332786
63941.8430635
58275.2844566
48897.915069
57837.5986026
48227.1117973
55510.3022325
70980.0164284
62264.0891316
67769.8476898
73921.0256979
51584.2928709
51231.219638
72774.3105125
63209.4492647
56581.5965972
57636.3548685
51696.124654
56936.7420048
46799.6127314
52281.8765608
60698.3476301
73459.7060063
58130.3636562
55812.2564005
63428.5335576
70398.9169631
85767.0213346
56656.4382813
60178.3748544
50339.576852
49961.8048485
56977.6153678
57238.5490081
54531.9092512
69874.4797875
68685.2990278
59437.1323159
59581.318139
80905.804081
49109.3053748
54106.6014276
56954.8228956
61048.4188142
57009.4021055
70705.8614661
57564.8593773
59523.6944152
69917.338447
54527.1348195
60876.55409
51861.0184448
47855.5556141
62858.5440171
73182.1481923
52628.6067231
60840.0127197
74253.996287
58860.1046657
79752.3895774
51363.5112039
73314.2002809
66948.3439253
61019.4872574
59552.104749
48898.1687534
67075.7043979
61281.1237651
71370.0825255
53568.7703478
49853.2937677
59922.7892395
65358.9874699
58397.5758229
64320.7195532
63392.2323786
64009.0161492
59410.186854
85201.469562
73764.8366548
55553.6168507
59094.0628585
57261.4364934
68252.1141822
80062.0416475
55301.7280269
73849.4616779
63444.474642
66746.2730164
59367.6298733
67179.733312
61846.5502134
49605.0302499
65112.1063864
75900.6301558
61335.3605954
50076.5878119
62218.8114322
60706.9603966
62002.5971406
50870.8309567
63778.5017979
55422.626293
52601.8933701
52732.9533001
52190.6608581
64678.9367126
66535.599103
71966.3298052
53589.0291225
57185.9493033
76951.2767018
48329.0995409
57719.1482578
62125.3074314
59458.5550111
63790.6182029
74699.9569751
62644.7818101
67438.4479931
74103.0240679
67780.8475884
53485.2965146
59088.8662394
59391.2024271
59825.2960048
59026.2571593
53484.8502681
56198.3915043
54148.3926989
59500.8474067
47813.5770505
52664.6979272
55427.9141267
61929.7592323
72259.8101901
58805.2102252
72713.0987899
73377.6710188
71492.4541448
66054.2667043
71952.0218647
55018.8513988
68065.6378183
60344.4773438
60797.7177645
55234.7760185
56849.4958952
71874.6912196
62896.0951527
54877.9408755
62010.895275
64508.6407945
52277.6433567
49314.085468
63763.9125101
54462.6435903
65107.941624
54840.7632964
72770.2215879
56839.8499266
65063.3518681
56898.1154691
50144.2033032
63863.9343354
50032.5155597
78705.1696806
59218.4777087
81177.8369694
67846.4099088
56854.2108378
59674.87561
79967.9543155
59497.9577423
66851.3111011
57344.9929579
64112.8137721
70370.4614299
58088.2718257
58831.0077193
59369.9776177
58582.5294846
68884.7637886
65253.301297
64979.7691475
47960.5312128
58101.8894136
63507.6423549
62928.0074555
76665.3063646
57696.3413277
59100.3927427
57240.2901864
56233.7135045
57275.6187288
54788.1927365
60411.9250699
62477.1897899
53373.6825152
59328.7453632
54478.2504507
61950.5743414
54580.5975881
64135.710303
69573.3675115
58572.5413294
70178.5014093
69441.0722581
72803.5929152
60925.147807
53312.4955741
55449.5979509
54660.2622845
48373.4010803
50645.3054025
61924.8371196
74707.7441396
68249.3740171
63565.6047706
57272.2608612
57328.8238716
118880.149439
67694.1384945
46025.1480974
57516.6221986
56859.3337241
70496.0783665
58907.4547626
54116.062068
73867.645378
61676.4723566
50887.2091938
65455.1010312
113028.17166
56849.8193973
59754.123916
72549.3707314
55544.4704638
54911.8383262
59948.7037905
75913.6190689
52559.9351039
68584.3444319
73176.1090252
49891.9642645
64716.3730955
53395.4872176
67396.9232105
63096.1816823
59271.2432023
75991.0448994
56111.4125184
53346.6690144
72033.0169407
68997.2206514
61646.9495858
50891.2000092
49776.8902966
57410.9202739
61029.1560056
58492.2422942
55545.4559456
50876.9512486
59193.5602007
61234.8272301
48516.978196
61855.2459758
79273.0637258
58265.8193254
71337.6773415
63884.9878184
58517.8951984
63422.4158656
75218.4740998
50280.0286909
58184.4710883
60565.5598555
59570.5022537
50854.7463635
67305.5740676
53657.6611047
57748.3017771
65786.233202
66890.9507518
52274.4209988
63507.2621411
68024.2585233
73657.7702447
72405.3990946
58175.7551934
60035.6457113
53626.2899224
53824.6678048
57789.572778
78475.7832695
73568.9716998
62969.1821121
67439.7267884
70225.0093637
72178.2777205
51495.8444519
57072.3724449
48461.5914265
64237.9603084
60081.1607523
55874.6991848
63891.4634905
62438.1556227
52217.7442198
56448.266658
57040.4719604
53834.8608332
55968.947723
62196.5810446
57713.0268285
49277.5941576
58037.7849551
58478.6206153
56160.0074801
59564.1044517
55171.9844168
57512.3941494
58891.8810082
67454.072814
55641.3397193
51580.2633049
54661.7693276
55258.9898083
56455.642874
59175.1727491
53485.9867551
57039.5109116
76513.2513751
55072.6341199
77829.1035758
71403.591118
56070.171586
61544.8485453
60207.0800758
52751.0512441
54646.2778609
58888.8578544
51088.0414725
57972.4405122
52783.7424972
55282.5147547
75434.4312186
62360.6034052
57376.5522631
79556.2465359
51544.6615089
54632.6272475
58432.2659259
62718.3138222
63558.4414657
52050.2709395
68298.2017966
51785.9043112
50002.9967524
61691.6795616
68430.5406706
51818.8580674
63538.4884136
62383.5219951
63271.1645922
70555.2363698
62419.681746
74131.9262644
55978.1957023
83917.5359774
53604.9752461
63429.8589368
63235.7619889
88600.9675256
58254.5858495
49151.5183825
59032.9719191
60012.7426688
59721.8539623
54980.4499062
57893.8493972
64001.8941187
52829.8221834
56451.4874677
66433.4541736
66721.7380677
78996.3434756
53792.3773066
55781.6391886
62723.6103939
65623.8200848
70026.5024402
58215.2786665
63896.4866925
53677.7489274
67282.021284
56724.3060741
61430.6452102
66376.5406755
58724.3728459
59419.8435707
48697.3952145
53425.283378
73067.3950816
67657.4527717
49628.4813715
61574.8637254
54915.3830044
68822.7511904
76000.4919802
52316.3778221
63286.3720823
50487.0781015
50244.1600145
61942.2816177
55359.628765
73348.4895261
65564.3373202
51031.1674636
63936.0708346
68112.1020367
51832.2965526
79093.8525885
76054.2618741
52720.4063707
64982.3126309
65918.1519792
53752.7842499
55203.9143774
56264.8989141
62924.8035356
69785.0241778
52247.0555935
61044.6761483
57374.6189241
71527.6557836
57688.2702867
54519.9443813
54344.9210763
50687.2879624
55503.4867988
58594.560502
67736.1920143
49023.3367794
64416.2466872
65522.5747107
69558.9095934
83037.5081543
57638.8386009
53750.7875562
59543.2999058
56494.4743493
66294.545617
66400.0382274
56068.0315981
64095.5776182
70667.7747347
61287.2021255
60953.8657498
77506.766272
49797.744148
57013.8216787
61316.8583319
63323.6783979
57138.4959126
70741.4925164
51449.6668469
55346.4324055
69197.8012093
57414.0646097
71801.1144772
67004.5108524
74704.1469112
69222.3480631
71069.5231622
59358.1113614
72082.3495588
56187.161452
57983.3742197
77509.5902103
69180.7449704
53598.8629654
61995.8770984
61943.1375922
63370.2984587
63892.0792156
74902.3706415
56541.4565706
61195.5017073
67281.0281691
71514.6700956
59600.4188687
57589.2583185
63327.0041877
51452.5745686
65007.5297778
45651.7980107
55391.2641979
56855.6696454
73233.8985838
57802.1707951
58826.0088449
53165.6327336
59524.373717
68585.57266
58640.5413501
53309.257412
56068.0406504
57793.0064974
64543.2545342
52721.5810594
53430.3155744
53926.105993
66935.9408131
81343.7588448
73797.0316975
73675.4683263
75312.9319192
69747.3127346
64259.9251318
61372.7722949
54752.410615
47158.7217319
57621.5129229
66082.3955395
59206.7992947
60418.6016172
65012.6871917
49997.8122338
58668.3753309
58956.7425222
77171.6969593
55175.0351115
61078.8887948
58748.3868577
58841.3934037
68319.4154969
60762.225821
68216.8599638
51429.9057061
61279.3744101
52398.5410214
87212.4611783
66367.628797
61101.0464643
53853.7935316
64748.9097229
65346.5818364
66310.3475246
65672.6520578
66336.1672413
68006.392726
53510.6603143
54006.4837063
55502.2580352
53093.33497
64834.061129
53185.299651
66935.3754218
68669.5761032
57129.9192647
59950.0203739
61445.7038661
70895.6192133
70613.2642266
50835.8363092
61720.676149
67136.3235831
67169.4955383
62040.5902675
69235.2778484
54307.2972272
62439.9819714
47845.2476044
54056.6821676
46433.2366431
50232.345466
55024.8784166
83889.8584438
65044.9991994
69508.548003
65163.962535
54910.7174695
55259.6434415
73031.1652063
75264.464189
48746.616397
53119.2340246
64134.0636267
58936.3662397
63575.3588146
57248.918605
60822.2552686
62277.2058663
57496.4245052
57166.3850162
56975.2182912
53616.6921866
59499.9325793
83339.7917603
72825.7432703
57181.2351356
59451.491525
52247.5719986
59449.5863851
50879.3054157
56574.3636453
63652.3105678
56358.5740927
67097.0509293
61703.7767111
75465.9550317
72568.5259734
65666.797259
59812.0560314
63320.8202223
81912.0432203
63669.9310116
51696.2533437
71452.6697064
65043.4069571
63693.8966157
68419.0394285
46744.6502678
72866.5929041
64076.937841
56205.1211345
53854.3546727
67562.3882952
58590.9675554
55807.4874688
54829.7781555
60897.5087449
52661.430296
55754.884364
65399.677549
57740.9267244
73389.2981741
66675.7767289
59210.6493783
51788.4716701
68111.204817
57269.2627373
58652.9097493
69822.956843
85596.7209948
51802.5348046
55103.4690853
67943.4925915
63296.0500528
62961.8033764
65813.7012854
53186.467226
51702.8864118
64684.7461828
53914.8819223
63132.3328847
66363.4793452
57745.5974575
58103.4867636
61382.2208522
60250.2089596
50271.2588823
65024.6770936
72856.9871846
46731.5312006
66347.084342
61763.9825238
55144.1063936
79298.3055644
87349.3336153
57302.712282
74816.9883216
66324.1745812
70559.9099749
84003.2744671
53197.7408406
51365.3256761
74991.3166665
58166.7868118
58794.9027668
49487.6719023
49779.1467427
68481.447019
54243.7413225
61918.2939038
58585.260714
62178.5178601
70323.7954944
59297.7278451
53423.4948074
70944.3177828
69568.8208047
57947.0913994
63654.6958307
58741.525678
71404.9024218
55298.3847864
72824.5278857
48793.1084953
69516.8277189
73411.1594596
59625.6087104
68178.0223282
46929.2224056
65327.5348667
58239.3402726
56432.0431844
58692.0134528
80192.0166062
83727.9318285
55664.4924151
70673.8259721
58247.0693091
53197.1479019
74675.4445454
47603.5408454
74576.8861384
64327.0857089
52072.5821341
53807.5343519
62741.8396517
67935.7591688
65286.7215129
60223.768843
56507.8600613
76882.5791598
58128.0999338
53181.147557
64306.7190659
82817.6007131
55774.4550574
68934.2518803
59317.259566
59188.6499836
50724.9598298
53836.5746653
63693.0713744
52250.9039406
85633.2246358
59971.8202329
80297.0128093
61881.3062274
68185.8565297
68749.4019531
52627.3457597
80225.4891907
64564.4437846
57077.1770823
64012.0736967
73107.6250753
67213.3196166
63184.532266
76065.4484708
53035.3059609
67246.6387923
48686.7036017
57704.5425863
66857.7964475
67826.3953791
52262.7832581
57440.6117703
67001.4595171
59508.1160174
54671.3230988
64063.5613741
59360.8650675
55996.6426527
71233.7182752
69594.8649222
59199.1326494
62987.6255511
55497.5030519
67389.472044
53816.9619428
59907.7633554
58366.9292569
71184.0039474
65740.9683554
62984.5459196
62182.5936097
77093.3363438
69043.2360854
64696.8583505
56921.2677235
71323.5671441
73560.3548559
63413.7762442
59340.7785043
67488.2760531
55718.0172012
59678.953572
65583.7346637
54244.6396591
49940.4461324
57287.4904751
49750.7019238
49505.6955393
62303.9511304
56738.0757809
78513.3616492
50414.2981103
65252.7534271
55218.4286963
71296.0129904
106535.46049
59743.7039825
56607.7761116
71038.0143184
63774.732171
63591.014219
46606.8017211
66824.8319039
58413.5896612
80840.5840362
58937.5119707
59888.783101
58929.0910379
55251.214407
53924.3933704
65391.545665
73907.3045641
57096.8294794
69696.5498864
55520.443162
77933.2615207
55130.1479714
59271.0428156
54249.0640606
58379.6992401
56923.6458583
61789.2390447
65488.7808537
58826.8288095
61387.2060759
68208.5041546
68634.1096459
52742.5292038
61090.3152815
65928.7593678
57370.5417094
57981.3019246
57862.2177373
52366.6423405
64854.7056987
57454.4509566
49230.8805127
68664.3857171
62529.0318899
61442.8367583
55534.4878576
56111.395908
55906.9377227
71720.8170787
66515.4902019
58921.2542405
50755.6403735
52361.7257974
55891.6430744
52077.1881224
73645.5854607
64489.7816697
69873.6173505
48068.8509739
52246.9093591
48291.9627409
53859.2534693
77148.0913252
67495.5373083
55046.5448585
56447.2760266
62558.5709788
68611.5246455
59217.806675
52604.2934385
67732.1317873
83842.552032
53872.5502674
60003.2913748
56106.8771938
74183.144487
64622.7746671
54282.4968327
69080.1304416
48748.4107348
65853.6009275
48393.3996815
48984.1057677
66224.3817526
65804.6513937
56595.7131692
53969.1081944
62810.136643
65009.1083175
58914.1275776
51446.1874786
65346.165727
76386.8173128
51303.7942908
55079.2530274
73765.0734905
81331.8335392
66256.9369688
57474.1345445
51375.0271214
64017.3790828
61148.8863043
71721.6646878
66440.2280849
75038.5598669
72263.0607096
60103.4126884
53940.4873365
58630.6650628
64209.9423046
50403.6677548
50395.3685125
61706.9589061
57364.5095719
59256.7345156
58507.4239347
71220.8090656
59178.4456173
73024.3311417
59957.6243645
62702.6149527
68272.4712636
55277.2907849
65021.1832073
68256.2479046
55457.5560911
67828.1300974
58430.7069607
58528.4447733
56254.9955682
61525.1226788
59574.6387515
58646.2897134
57171.908533
59324.5853305
63922.8100808
52742.0775041
60006.9666719
65019.9692361
67171.6978032
55425.6568418
60397.64759
57460.6779662
58466.5136148
60141.7111786
64323.5752444
53475.4594053
52161.5330494
50561.8858411
58591.7579809
76788.3623201
61531.0521771
72622.330014
62729.6458086
59848.1691573
60491.5134184
54984.5498236
69637.6013346
68771.8248056
65057.2385835
61618.3296339
62752.68973
61854.9262271
60451.5946275
85207.5046007
69853.6769413
74184.5917852
72244.8670184
69562.9592976
61156.0615885
63516.9149172
66151.1160712
59425.4514731
53721.6502193
66375.8527851
70512.4934564
63077.1350567
62454.8747232
72232.8290965
53390.1781868
60997.4614877
62540.8710375
67504.9196976
64884.1324066
75645.1085261
66250.3388193
74915.979234
62521.0790928
72359.0342253
78294.8994894
54719.3429727
53330.6854138
60394.4560392
52962.6431089
60221.5273782
55030.479245
81453.1251901
68514.7848918
64297.0303218
60082.5398219
66229.7167719
56009.8597165
62467.1405535
61515.7729033
78315.201722
55628.5766442
59891.6379871
60613.9111729
55976.5898082
47013.1942849
60243.5070349
54338.2966867
62831.0651199
62126.3598967
68718.8087821
68956.9913186
56652.9900226
65576.1988592
54361.0912697
73033.0072602
68660.806116
61000.986033
58222.157824
68226.6718815
49517.7389994
69293.7524279
61607.7942949
57677.7747077
67484.1291668
75233.3082222
69481.2616269
59962.8338616
61554.6005178
57326.9974784
70445.7728989
61243.920198
70617.5805802
67941.1224235
66015.9564113
60235.6377905
67260.5811804
61194.6649287
77150.8501137
60123.0193936
60170.1044894
50090.0703734
69488.61723
65487.5658156
64348.5913018
50446.1177261
60730.6910272
55592.2676716
57547.5443157
59395.8246158
56497.1648123
55202.5922315
81560.6281824
75764.9981128
63758.2898492
57421.5970673
79368.7971503
56382.069717
54046.7341095
74455.1822672
52250.3645835
61697.8200469
53003.6558979
65671.9553858
73727.7618471
55763.9265712
58518.9214854
55479.8358927
69298.0975466
67978.5517488
60930.2600649
62527.9935572
62024.6995639
71079.98064
48997.9266253
56948.6915121
56825.7043663
63768.2426305
50148.1712318
57610.93156
73662.185934
58744.4906293
57591.117953
55912.9787316
83385.340594
70054.4345457
63048.6204747
79526.3894693
63336.0264823
48353.3969963
67195.2873416
60832.2071399
48093.4178697
59325.5780365
62216.5638779
64891.8441058
52075.77827
51579.6284702
67093.1357221
50015.0204488
65847.789358
60331.2793456
73636.9145647
59722.623246
57005.0395146
55843.9107819
57368.0619341
64966.3469988
51734.120482
48610.2440895
52377.4425964
60778.2733919
71337.0074558
60465.7355502
64548.8342638
61837.7606298
52596.5702901
56718.1451013
57864.5821809
49372.646335
72994.1596925
51923.0483504
50521.2353993
57876.0257176
56527.3299265
57980.633864
57639.2221289
71775.0622692
67403.8738656
57900.4457171
53011.8579547
60285.335277
50371.4358161
64839.5077975
58794.3018334
79864.7793661
52118.2734903
62217.9944179
55864.2753877
66443.0323527
63552.0880693
54096.6910893
58484.5496905
64763.7420586
58492.1626401
62698.1719691
60117.2083187
75350.790577
50611.3882943
72644.6119555
53829.6260133
70015.281535
79191.2758447
71098.4637018
73314.7865456
66312.1754445
59240.8669665
69405.0922547
57996.3126207
54160.0381505
61510.6402052
59616.8177513
56578.7576235
51522.4876271
48145.8767664
60263.2453165
66763.9489921
52515.201244
66644.8031913
62370.2998351
51889.6672622
65074.1895247
84877.0553892
71419.0646995
56001.9509962
50468.1831013
66015.5604107
60670.8031625
50503.5740452
63910.3375612
138781.087937
67710.4042538
51999.6093032
52127.2545179
57695.8683602
58450.7189978
67563.710007
55529.4658275
69375.7800669
56732.3209462
54474.4678972
62977.8613906
58171.785839
59404.1559561
50380.810302
45978.4983901
55841.6505524
49188.6883978
63908.0042048
69039.4131304
53468.2077472
51493.9922655
52467.0561695
67395.5918085
62249.1290262
52082.5944114
50978.8085868
61798.1235661
60586.3990008
65037.5576323
62350.1879901
52993.0573033
56250.2522755
53403.7918247
74632.2348019
51987.6989917
71290.4774606
51650.8075134
72409.1988736
69717.44529
55303.8105926
58550.7194247
51674.9398632
67528.0183203
62077.1103413
67294.4488877
56653.9182528
57273.1115479
70560.6611545
68640.9686145
50409.7007783
67924.6249747
60324.2636432
57081.7180643
61651.1757186
62911.0904456
55353.8979969
60653.9672889
60424.3972334
58543.5926382
51556.6579637
64508.6138632
48715.5907852
98109.9646732
60036.465515
62038.4879364
63014.8974785
51945.4324057
49157.4234579
59218.9140105
55955.9004209
48841.4080796
74890.6453463
81889.5856575
55597.2984389
53198.2986491
57663.5525886
58238.5596991
50179.4812786
64080.2837813
56066.0140209
61601.7510099
62295.3696918
57733.6755013
56910.8526786
80444.778066
57373.23819
57115.545719
45962.7445616
67771.6809102
51280.970178
62237.8288006
65680.0298971
57522.3512279
59507.9417278
52485.7323703
61112.3283578
54614.9270164
49899.1289197
67038.873064
55803.29953
55508.649488
64140.0010694
58510.6814099
58828.0386978
51477.1854979
74330.1415264
61988.9136549
72032.6730584
56717.063635
75751.0755019
65414.6824146
61094.5628788
75561.6288371
56372.3366511
65223.8935024
56907.2100709
59118.6984874
50336.4174358
62698.5350261
53271.79733
48750.3384868
53502.8029039
48040.2821164
48214.3384211
55884.4594674
50081.5724602
55147.0380812
67370.6219285
58453.6480232
73303.1706597
77335.4028663
70223.5905329
57026.2419658
54201.5995265
73764.5342582
70864.9410172
70899.4565413
54991.0681492
56607.3478923
63975.3132126
60996.3464851
59917.6024375
49807.7932051
52145.7716219
72448.4278528
57467.9657961
62461.5317874
53369.068881
67413.4607095
56144.4003426
52394.4716844
58236.5156352
70178.650161
58341.1754984
73268.7637354
49238.224681
68593.759266
65876.7239801
61549.8819437
60813.3485549
53552.9592261
63566.3849595
75070.5379273
54284.1687432
65590.1321049
61694.2990311
77513.092128
64585.6565539
62516.5708299
72318.2414604
55564.1845824
63170.7028486
69360.0902373
77624.7765017
53823.9334128
54594.6296918
62301.3490847
67387.3107301
52393.6747873
61197.8629877
62863.3317854
58124.6304809
61481.3843777
76345.4578224
60845.7693891
69192.6112943
56176.3001957
53038.7614319
83642.0115321
62356.1202779
63992.7703211
55708.4992212
58087.4302891
64588.0821186
59720.8563668
60956.5698157
60564.0053489
66549.1415011
81940.448516
66553.3890024
62299.4391217
59802.0311165
63072.3656868
74312.801476
66069.5515261
60681.5415446
72751.8354476
63830.7523886
53383.4820132
52077.8712292
56746.4394411
57898.8630539
51659.7646483
71045.5711235
66159.859406
60518.886988
57336.3505918
58901.0164982
67372.9685326
70833.6550636
52483.2554602
80712.5196434
57736.5202255
61812.2545195
58094.8151139
60998.1523579
53893.5490735
58887.7558079
57763.3104999
69618.4582901
72341.4055861
60278.4182813
55954.9785603
74314.9421822
77892.3059026
59017.0084663
82222.660098
55928.3585971
59452.4830723
60038.5449184
70503.8433
60767.9757902
54575.1511782
64398.6210453
63975.3725493
57176.3068595
58637.5335941
46183.3679092
66040.990667
68753.506433
60747.1774563
65560.0507017
78757.9069082
64088.0188495
53627.3252894
71116.2760385
55166.3488473
56356.1247908
56073.879467
59167.0877139
65630.1778078
64948.8260335
62105.1237726
71396.1210229
65159.413016
73262.1160022
66064.0312354
53060.6226315
62568.7244274
55426.691466
51212.2750088
70003.8928079
55034.936932
62165.0286826
61847.4701548
64991.9557734
59135.3806674
65492.8724387
64425.9094837
57624.0385889
50658.2382086
54430.7195831
53647.7559537
57002.8172944
54737.3532105
57876.379785
57686.7737289
70246.4447419
69213.658226
61590.4831053
59284.0270419
65207.3226228
51074.4552904
55700.0352201
50051.0256199
56397.4051069
59043.3496476
58204.4063666
71535.0166818
51065.2784887
61718.1349603
72691.5269243
51882.6116505
65725.7390897
62326.2133023
69896.6703315
54781.260421
69991.6148729
79066.6328007
63486.0547503
51259.1095578
69841.3354025
65280.1233055
55738.6364314
78651.7482707
64084.3292903
57662.4631208
59093.4968296
61444.767133
55342.5448977
73553.6874216
52173.4314141
77305.5101813
55032.3080571
75721.4735838
65764.6955851
55771.6954238
60863.4075982
52273.7238847
69145.5470114
67316.3746626
56597.2967366
60228.0503241
78075.0568615
56430.6166205
64244.4061157
61100.7262677
54458.4819933
65910.6751717
55115.365832
62722.2164394
56312.1885329
64201.8584144
63405.7199765
68060.4380125
51663.5978543
68850.4150028
62102.2245779
63309.621639
59393.6784253
55101.6820865
61014.3813916
54568.0492504
75335.7057386
52320.4733627
65617.3119992
61103.729036
59053.0385327
51752.2450939
68295.4142852
56209.761009
51298.9014602
56011.1490155
75115.3548136
66779.1439829
69801.2732819
71733.1143575
67386.1475053
64525.4676896
56314.2272703
82404.8681138
53409.4680939
87579.9790176
56324.1699393
57044.5730355
58296.1707187
75903.4583058
66316.4181573
71787.3779823
64884.2184821
50690.2023742
64029.330692
53211.8590646
63498.1743275
59714.545294
61653.2104825
64857.5177892
59278.3918604
60339.2928473
81740.7667802
56942.9905516
59221.1249187
66120.0704478
59207.4737364
57863.0726739
58117.5446683
77595.5889035
52914.8719109
53601.7300037
55265.7491412
60101.2927757
57743.2565552
49640.5715915
69326.5941234
52756.3642294
48646.4952878
75294.7652087
64261.3441931
61299.7492918
59315.9386899
80488.6300064
60710.4764528
51211.5228794
57034.5314199
61612.7223819
66034.2799754
72207.2179632
50462.7870528
68036.9032686
57577.7134246
58058.2918764
67054.2992533
63286.3640207
63506.9224182
55772.4468099
61325.8158025
54256.3150881
66568.4961212
66999.2394668
66945.3945357
55955.0959517
53323.2482118
55416.6321721
55423.9667591
69321.3641499
81482.2815406
58317.2301243
49128.9813859
54720.3906592
75768.820292
52458.4147871
51420.8090377
59841.2407538
51750.5634834
55470.8988919
59830.3290673
76578.7563527
56394.8353985
46370.64681
61367.2179425
69723.5618656
56909.0766813
59807.3141839
56311.6856131
69042.2531834
82929.0195907
62845.7337608
59778.376613
62950.2344278
63166.9048059
81341.8347925
52970.4252413
58681.0271914
50088.794491
52851.0736471
64922.3718056
58236.3478072
57029.2094431
50072.70521
59729.7174354
76419.1023685
62241.8800395
67363.2582907
77762.6840862
54375.4177398
50426.7744149
53548.2177776
60089.8186905
48009.9379938
51532.675409
57917.3146683
73883.4686256
59480.2065569
50032.5974586
52050.6791708
57322.9182521
51542.0541019
64110.5377308
66009.5840334
66814.6430426
56610.3600938
54380.3812023
56530.7885567
51498.7712292
71785.8081742
62813.6261894
61899.4342924
72412.3916014
74901.6560442
58258.0193243
56593.3795568
69753.9242128
58405.243678
67569.1998758
48084.9165476
61271.2798228
57679.2650188
64364.9984113
61427.0568822
54687.9614854
51316.116384
59762.7945854
77069.1525334
50233.532433
75567.0679706
57644.1765962
56647.9355922
63350.2301516
51837.3399061
75873.8998365
58971.6893132
59727.2702588
58402.0009235
59902.1511621
55846.7180898
58637.8592635
54720.327807
53464.2002445
51240.097598
49095.7680719
53237.4824493
56804.7052463
62893.4079167
57483.4366873
50333.1128449
63350.0436403
51313.1574968
63331.7659693
65797.8439037
58681.1334225
52693.0254248
67004.1515253
62734.2834109
75704.1027028
63392.746393
59815.993752
50730.8861174
57527.506074
60757.2555189
66081.1706185
47934.3409477
49798.1739637
59789.6729485
64553.7822826
58345.9488913
61951.0052497
63794.1386688
61391.4263793
56758.3733001
57260.5551
58977.2885258
71784.3677104
63235.2368079
71854.9056026
49083.8788381
54087.1308476
61868.9740956
57384.8383435
51818.5942867
60445.0181178
65758.486235
80975.8549328
57196.4386699
67959.7331387
55912.8854315
64676.9855494
85009.9664919
53267.5605552
52347.0105109
60785.8087638
57137.795689
61892.9910886
57873.4917772
57084.0985921
49279.6795739
52403.644697
67907.6958397
50657.2402577
52075.8078335
59689.3868613
66568.1909491
58457.391642
73631.8798849
49593.3456204
69045.9961591
56837.5480608
53084.6276693
59392.4465288
56040.6381452
51363.4588059
58696.0874054
54001.0406337
56701.1192308
62320.9200976
55770.7865543
57121.9243263
54162.0501697
61135.3791102
54508.0230323
52949.2755005
56398.2654508
59749.9049542
70944.0728928
53375.4478484
96669.2935653
74330.0390966
57438.0677112
56991.5317336
59218.8509822
67633.8604557
51019.2878924
52555.4398691
54110.4114717
49069.0166848
65992.9657814
60842.3190676
62086.7045014
71456.3155876
78168.2482395
59232.5630639
62743.5269374
65497.6166265
63994.405432
58974.6506743
59415.0071569
49896.4556423
55357.6394737
64155.9608384
60364.6388864
56488.4220778
67065.4828731
57641.8190108
53975.2687389
56149.9350299
62388.6876025
69780.003688
56273.9550342
68984.4679327
66953.2784262
57140.3518071
62085.3791898
52816.9404769
54585.7471686
68571.5761784
53281.7422122
51157.59954
61600.3281161
59588.2004407
51528.039048
74122.026359
58130.4953834
60389.4282002
62479.1870497
61067.0525574
75585.5342309
58657.9323383
61395.1996216
59180.1536322
62558.5341563
61782.3791315
54681.963709
54332.546225
60297.2621657
64457.064039
55385.333254
61631.2166898
67896.2831003
59598.4826768
57509.4353862
57969.7364227
60214.2623669
67463.2265903
57921.3141772
49752.6259791
80008.5716942
57110.7883006
71534.1806356
75000.4070594
51431.5629189
62311.1447637
56768.1917271
61319.1596379
56980.3046864
66052.5304509
61083.5969585
73857.5988922
58205.3637811
68904.6907069
84572.4947534
55990.0419944
48742.2322799
70885.5325349
65451.4467534
55884.0355201
60381.0277418
59985.7805901
70052.7201794
74865.2075882
62689.037219
78789.6060485
55140.7319997
53826.7017215
58022.6581628
47833.1444487
57435.4515157
58631.4154173
73010.6656941
48721.6941602
81198.8447228
80179.8189088
51985.3666584
67308.8406602
67022.9529235
64657.3544378
59415.4928269
73573.0932519
68795.8846058
52493.6742192
65338.5501473
81996.0517502
69369.2126413
63108.5674963
58669.4405217
57549.9535989
67642.0276612
69358.1712867
63493.8895206
59595.4649656
67184.6584109
51364.3766965
59418.2094094
56453.7823473
50590.983047
55242.1263351
46866.0729358
59459.6115743
67890.9458334
61727.5385227
66777.62304
70951.1548963
56427.36097
52739.1696524
62159.9097709
56571.1039753
50816.6266826
57042.5658622
55896.6655303
51424.5284257
54360.7322017
47375.2107434
66619.7527691
66097.5927392
53584.6199525
73773.9302903
56004.4240381
66666.5830325
70027.713764
53620.6630157
58374.1880725
73319.5505171
61757.8278177
53558.7616771
62451.3884431
71213.2101682
46301.2760894
50465.9400113
55797.7665705
59037.3746947
83898.3275152
48693.4581443
66329.2670179
53269.3863389
70031.0711668
55715.5716311
62726.3847795
58099.7487597
71821.1827765
65686.253083
61310.0460177
59538.669258
58093.749285
54236.6808439
62421.5667087
73028.0580234
64520.0156938
74625.2051428
50735.1750986
70930.5206566
61818.3874036
82551.1590281
60318.0678279
77252.7476343
59060.0862321
77703.0910652
60475.1934561
55295.0490692
68551.5055033
75811.4860524
48475.1612322
52238.8778568
59333.3064269
52258.8296876
60371.6216017
69943.3279844
58604.0658206
79439.9771984
54798.4381301
53779.6797597
61675.9098233
69763.7438056
53834.425247
53635.2187094
56364.0120076
68676.6465474
69974.4406957
63812.9614964
58553.2361822
69124.6795116
66822.1896936
58046.6911569
48646.5129776
62940.6516784
57150.8331122
71490.1868003
53085.2534323
60395.2249997
71046.9642721
56509.0960624
55783.0734507
68819.6800555
61531.6368109
57238.4383667
72909.055004
67805.5563292
58947.7519809
54003.9082713
63412.7713641
49693.9229019
56609.0760496
58123.7741221
64197.6035208
62338.2441988
64003.4612427
57643.5411433
64745.8494522
50083.1871615
70183.6340334
55155.8620072
74098.7303144
55454.0073505
59846.5383799
51656.3297693
58199.7865049
52192.6245518
58907.1913295
51863.3288466
60988.5789683
69278.6679075
61489.4223198
74975.5233917
69320.2868291
67263.8998065
58675.8017176
55162.5639912
55495.3195222
57498.8909433
73169.8398062
70128.9109327
59563.6961507
60104.9796945
59432.6062129
59850.0570237
55088.5615787
55398.3717147
55130.544759
59081.015132
63514.1701472
59567.1371047
71024.6647261
62614.5893015
63333.0140021
59402.8491785
62797.3230389
59164.7882347
69330.6910119
60947.3987881
47838.0610539
58687.8204749
63738.3056094
75362.4442026
47854.1450005
58752.8256992
64357.8796906
52881.9555601
59015.7551906
50845.9382409
61136.5740434
53878.5092085
61316.5023762
60760.7632082
51085.7248424
73981.5625153
60383.988958
60488.543179
58043.2686232
59954.2462846
60525.0330866
53740.6797914
56201.762016
64856.2637777
50233.8199802
66257.4198074
58624.9275151
62863.876181
54253.4175698
57395.8511895
55326.3369484
53067.545309
76220.9954147
75767.2863146
50668.3677033
52777.9942483
50245.912673
65273.550834
79840.9661171
55864.0521733
51080.0543251
58737.5567047
61675.3317402
55963.8178514
61704.9532532
59280.8374754
60202.8799196
52223.7524257
72348.704961
64905.9078906
63213.7661619
52618.8723692
59007.0189173
65160.4085636
63127.4248066
68871.6351145
65035.2894125
60255.3717706
67130.378069
60044.053577
61621.6835282
51538.0630839
49688.6312067
70653.3142131
56540.7501782
47165.4549207
47222.9964003
65314.6988436
69572.6411
51375.3665993
69527.2685734
51227.1686574
60742.1416508
60111.6997928
58440.6807043
54606.1837514
57358.6083659
51578.180189
55166.7040607
50394.6681533
65756.7216059
60881.0796388
62925.9368699
62798.3284478
68740.738098
51638.3573414
61522.6473819
71237.7184111
63893.6060385
55445.788258
68179.5460247
58020.2367696
44832.6520476
54790.056752
54927.1197037
73498.2601399
61302.2638794
53486.4526016
61296.11958
45886.2800985
64035.9284415
63495.5680149
63734.5232757
62240.6434459
56954.5698796
72955.9511171
54871.415269
52369.9484879
63203.4374205
64652.8128236
60979.9089596
58821.2897308
61467.4966889
70434.9473461
48995.7294278
58096.9973295
61967.9069687
55388.3950942
46151.2388179
62639.008817
68960.3011119
71004.1832413
70025.7439258
61969.5100968
80154.952169
72126.457322
65763.1482619
60376.9220182
53906.074326
59459.0777614
61592.2916132
59145.3171581
61785.6453684
62992.0963302
55169.9616928
66972.5107125
66179.2270837
51817.8905261
60864.758882
62937.2469786
54083.8677443
51476.287938
66685.4441073
64812.7368604
51799.1848268
46441.0646121
69460.5535263
62670.8918762
73821.8139014
54509.1994036
56171.486605
68616.1460161
61196.623516
61421.6816669
53051.4810491
53172.1485827
52011.1442791
51674.7872395
66413.2350815
71322.1022176
54897.9651066
51640.7907076
51757.2329034
50928.5797481
72948.5103698
60045.0814878
55917.8833261
62019.7738889
52661.4567221
54781.9156736
53300.627783
66353.113798
63401.1183355
54135.471936
56349.5531253
61574.3844375
58051.7684973
52596.7170019
62678.0325101
65041.0835989
71013.7756007
54185.9826527
64201.2439396
63894.5578581
65997.9709624
52607.4272751
52213.1382529
57363.9806077
81710.4630984
58677.5222964
63521.7050627
68122.1562182
61048.9633992
73517.0293476
62052.3235968
56469.8295195
60910.2309038
66141.9524526
65264.1182846
61338.4544212
75063.4569966
66782.024665
57972.229691
62365.3424714
63924.4567479
57014.3813968
61250.8435439
61508.0720089
61951.4573266
75672.7788132
69194.8114625
56374.5074431
56420.0582296
55454.9060523
66511.1276142
51928.0233681
63475.2021638
70198.3513747
53251.9851646
66560.832163
71924.0191836
55622.4398559
61180.343485
57589.8679465
57870.5012405
62497.1485803
66545.4937255
61831.1529184
83493.5348092
58933.2984662
49667.0785253
65414.282011
128621.405286
59302.8793971
76547.9434875
51462.9521699
66642.9917438
58561.8591952
53599.5123726
68873.0319893
62547.9723457
69408.8582405
67824.9803257
83134.9933383
77268.891303
57261.3856316
51958.2415539
56326.5712668
58824.2657927
64451.8211164
56231.5709333
72561.5026194
70375.2347389
56482.216221
61912.8137395
73047.4458324
79584.0890242
64440.6339673
69324.7620287
56231.7701375
66861.0353421
50800.4785704
59101.2575529
54750.1160666
54360.5178573
58459.9003434
76890.2190235
56670.2928101
65748.3434495
65258.538889
55690.1003338
66820.271449
45716.6401144
54341.7612687
63397.0169458
56914.9705415
53105.9883142
116149.133937
63773.6519392
60832.0545043
65799.9311966
59865.2192651
81311.9349028
65251.9890561
57861.4738169
71470.8749947
57982.5089974
58061.347001
68667.2345714
69990.688569
62648.8243517
54477.9443044
56773.8118858
60605.0894216
60498.4061674
62593.6213562
50123.2011232
54990.8104029
72845.765669
54017.2023231
73139.1284579
64173.1351997
68163.3432466
49352.42796
68196.9304186
49066.7198583
67965.2749418
65406.9898833
62701.1704652
70503.58054
64233.1534637
59151.078481
65915.3070374
48913.8519456
72187.8690443
58701.2405822
66651.0744758
70337.987983
60018.4708013
64580.779664
59283.9339429
54258.6028606
55251.3026583
51994.0491517
49329.6907905
47643.5895543
66665.8997095
60126.5115246
54915.9483027
62227.9867461
72130.8190563
74370.0883241
61339.722765
54158.8998209
52316.9773467
55949.5454585
51712.9414662
56643.0323322
49783.1742179
62640.2909865
55323.9303569
49232.0711308
68045.7264949
99059.7317572
63703.0777255
58051.4786216
60510.5101551
56973.9669649
60874.2846231
70877.8251649
56204.338901
73190.0535841
52962.4977527
57073.7729947
56212.6077627
58542.9371064
63045.6587625
51445.550047
93045.341854
55516.1233948
60938.4548061
49469.2188248
68178.7037281
70885.7070279
75061.7254583
55213.6561338
80029.666598
53010.1831921
63963.5518959
54714.0002444
70429.6447019
61480.9017993
51641.7904478
59496.0273149
70364.8576572
61896.4000135
56306.5196084
70986.2700925
56206.5118911
66819.5896378
57941.838481
65112.0041802
62204.5941234
74779.3898098
65489.5474397
63086.7768577
60835.652029
66426.2184278
61089.0659238
56626.4943642
52831.4456112
52033.5175944
67150.5885627
52799.8866532
52438.6219356
62637.9654594
64731.0581425
56414.6470381
54007.7207068
63109.3684929
55732.9993216
61248.307552
70831.3771607
63101.456549
74531.015876
69302.0866109
55726.9484592
78186.050318
55364.7370939
72713.1232512
63301.6876014
58940.1209624
59917.0865453
50331.7578465
75091.8644493
51782.7820582
53523.4559468
68776.6430277
67453.7484397
69978.5465498
62394.7155311
62395.8141954
66414.1091178
69938.8770882
56824.8240715
65171.9088334
67195.6599167
49959.0640554
68792.99015
62601.4045123
64862.6844448
58442.4492597
66130.2786792
56142.7834248
78450.5304268
67860.9006222
62157.4194347
66391.4413215
71939.4034154
63258.8478967
47538.2580435
57140.1979036
64064.5455303
58330.1390687
54206.819789
65457.3421291
62196.4980285
60278.4651
78294.6824301
47888.0240556
71741.6076196
69680.626843
55375.7876242
56293.8073303
65510.788055
49330.7503827
57556.1305716
64135.9837189
73923.4818302
55900.61049
66436.8810388
62946.5004597
52790.2690014
73865.3238239
56556.7136362
68545.3859638
59495.9307729
59706.48751
55436.1336986
57114.8232688
64864.9570103
61760.6830422
58470.6509704
57206.5390183
68274.6961029
54418.4574493
70215.1099239
62129.6496882
57797.3019992
63528.2847775
55433.2977826
65364.7275742
66702.6292441
50354.5720164
64447.943236
66921.8052908
57997.3337789
68847.7410828
56150.3814248
54630.7553315
57846.1815962
69298.5125786
62022.2405675
59434.2927041
61994.4601787
60234.5961286
61817.0870225
50209.0182839
55273.7421996
66933.6945114
73275.9182152
57726.87144
60158.766352
61713.6264112
69464.589616
62856.4209998
58127.8280212
68691.2152487
64975.2762592
72090.5120134
60592.6799084
52343.7246918
58087.1353189
56943.446215
61709.5092586
51668.8113039
72563.1445924
72961.549416
69621.8654945
58760.0012181
57673.7795069
56855.4122865
59863.9330931
60453.3249363
76581.1267525
49790.2908998
55981.9189172
68501.5375194
56163.5005868
51567.8656376
52484.4606357
57401.3731399
52988.7914721
54995.1462989
59128.5452853
85453.9222621
56208.1478688
64292.460092
59105.2713068
58391.1724371
56520.7116945
56626.7515227
56826.3812835
55219.5384718
57151.9663468
73469.4375935
66868.234425
57455.860266
60938.0171732
78321.7855968
60694.6261994
57561.95651
63417.5398117
65501.9699511
57902.4474205
64538.1132632
59457.6218219
65336.318878
54258.9657834
74595.5737273
58808.4363216
60378.169972
65994.012648
57698.1663659
64853.65229
57637.7464161
62378.2329702
55528.4823923
55604.6545323
63307.0867469
59410.6980115
62002.0898041
56825.4472236
60227.642822
70731.5924808
60291.5660712
64963.0210869
124080.641448
52918.6122364
58767.5002043
60055.1633573
55435.4731494
50404.0903081
54563.0934667
63279.8383084
62217.8671178
58147.5224635
71302.966228
70659.3502835
73114.3717073
63346.2091417
55157.3008189
65539.5623224
59215.1948599
65198.1281657
68486.6677049
59567.5749239
58416.1561814
70347.9850766
59140.6025321
69378.303656
49218.6217175
76901.5032555
55669.5228247
53361.4580151
65838.7398168
58015.934008
62749.1412668
63045.9505941
56272.0630346
66683.8929303
63249.6359212
53625.3554398
67914.5033845
60620.1032812
58802.0303724
55091.9224423
64565.5919423
49030.2311856
57664.4077917
73177.52617
54478.8891647
72839.3958185
57980.9144384
77474.0205135
58596.0804016
68331.4083245
61654.7799666
57318.2781905
60289.4466547
47692.5911615
77884.0297207
52607.0183829
64135.7444993
48177.6958551
63777.1979038
51751.9718134
54491.4231157
82475.7856165
64917.5251706
61000.3545959
56793.6207586
62094.8533466
48714.1961279
60191.0489234
58920.8448907
73749.5590126
61269.8097716
48983.0069088
58128.2441156
68211.9740866
51004.0706167
49605.9830661
63679.065607
63225.2326133
69073.923504
58262.6857647
58834.8167539
69808.8410972
72249.8056361
56805.4557922
60317.0566952
70558.4193101
62048.4751306
58137.5757992
70866.4743037
67984.6642343
57052.4485143
75907.483078
70725.8029327
58482.005406
48260.6301133
54873.6862504
58494.8170285
76342.6542072
54484.6729625
70876.3434627
92582.4617482
72694.2863033
64892.6488219
68266.2640592
72921.5343433
68136.1662707
58390.1145234
64322.8000643
55840.5071606
61925.1524941
64482.2251545
55292.3161368
59007.0825056
47342.3115694
56342.1653126
53172.3930329
57092.8832352
58746.2097541
57034.8478794
68031.0888173
55811.8449943
46596.9845621
50467.7243121
52733.4189059
56669.0119808
63290.1963471
57073.5457626
52592.5436079
56255.0112365
48014.3747955
51070.6527997
70718.3882444
60120.5102851
74386.547748
76692.6341949
55405.7624715
60122.7078545
59638.6196457
67560.764966
64403.8545615
63360.8615234
62868.9444844
56560.1399828
63450.4971261
62533.4232373
63640.5967158
70074.2086451
63554.0674966
55189.5576533
64303.7582715
55465.5026665
55487.7113691
60277.2382155
66701.369376
53919.8633476
53570.4739834
54422.7738486
69042.1231211
54316.3352002
66518.2316645
53251.3532215
64191.5460048
56813.7818149
69075.7164082
49121.3872551
55788.9720752
56668.1286727
59605.7397356
70580.0799658
57099.694081
58251.1281869
58997.6368395
63940.9459291
62829.2197775
62632.7045952
51184.3570812
61711.470336
89002.4803744
77108.3215773
55115.849958
75361.4816498
67505.6409253
60916.4080218
65566.1603178
64095.0449684
46936.683924
60441.1270597
55844.0191121
79147.8981969
73903.2858469
55988.5182409
50880.7433227
55927.8626521
61939.372132
76963.9035129
60618.0066007
58890.4618669
51586.4795768
56648.4534329
70939.8316673
70665.2702353
63686.2227735
85027.67212
60521.3155059
63417.1324326
77866.3530484
82421.0490512
56050.9427583
67366.3112414
58978.0846034
78785.7590558
55778.5233386
54970.4416641
69189.8053799
51905.2461969
52389.4570251
62349.0454239
68326.8078229
51031.0984767
65718.8645347
72007.2681548
50852.3389619
67008.3009643
57009.2993525
55854.101332
57582.6605312
65445.7940649
60874.718179
64753.4025098
70366.273556
83371.6321467
63503.4021405
50680.8900378
74897.1267108
71209.0861177
61428.4954222
66686.6656603
55598.8720481
72213.839489
59787.2110428
63814.9891902
58376.0017524
60348.166534
57602.3839242
76456.4623462
58414.6776092
65220.8903447
55343.3465324
52796.8824164
54619.4308056
58237.6223971
67671.4068751
57205.321367
56218.7576224
69692.5942606
57751.6968376
66378.9683861
56296.2489176
56568.3551649
56861.4296615
52484.1897839
49075.7721429
53371.0904209
54358.9488663
61388.1483923
80125.9775929
66714.3126465
54634.9451941
62396.8708737
56713.0423056
85242.9482568
53290.3161167
59974.3239718
50925.3160011
48317.8243667
49735.8097692
56629.9657299
64221.1811259
62003.765324
58665.7433477
61886.7464019
112283.388106
50178.3655077
58629.8389154
64495.7710397
60298.0470265
59073.4642074
61979.9276517
55815.5773043
61149.8935741
55400.7918419
54959.7431659
71355.4618391
68584.9360523
58725.9200361
61368.3743421
54260.6854272
55673.6103986
58180.0314451
68183.7336714
62160.6330678
71488.9482359
62511.6944898
62976.9401151
59809.0155027
67720.7099152
52341.5360107
54184.1212041
67695.5235909
66688.9784365
57957.9003312
85356.0341021
60650.9207879
65167.6162606
56424.8986943
70131.8758457
64796.8125301
61277.4212562
59732.1708198
67891.6319797
59694.375405
56110.9941854
67006.442672
59235.5598431
55783.8204858
49756.7790531
61912.4962063
65418.2259387
56439.005938
52457.0526364
58240.9992819
56062.5812912
60179.0319397
57022.2323171
64077.7737135
63198.3965809
59958.7136948
79286.7987898
