84414.0470439
90243.1482639
80388.5350325
82142.8112708
81352.7183628
88760.9368018
86799.8173697
75864.3959414
75708.7873778
83606.8369499
84325.96801
90312.9895761
89144.6112493
82583.5012276
82868.6851514
92386.9902045
79333.5713837
79239.4469651
79151.4454173
92806.5045977
89056.1875785
99782.2709363
90757.1366942
87456.9083028
87011.1543888
98292.6213656
90174.6942997
83804.648561
90887.1773286
87369.9900229
82213.4384845
81747.7639397
91181.5135059
84629.6170608
96597.7566993
80025.3751574
85286.2140937
86527.6328064
80174.7619787
84902.6024599
75064.3662949
87391.2066962
89970.8732403
82085.3324458
86221.8798462
86597.2478296
79655.4973795
78506.3168079
81761.1522597
95970.8817804
88538.0538309
88991.8818722
84714.7482093
96937.774461
84465.4957696
83751.3448164
109820.576765
97503.1662319
95970.4154193
89396.1522353
87781.7316788
77217.6016655
84217.7260748
79695.9582851
82995.9364096
87854.4369987
84172.518756
94597.5760673
88581.898226
87908.6457193
83354.1581945
88241.6776317
82853.6378416
85945.638468
94307.9957905
85660.0288897
79339.2464044
89467.1865113
84544.6172966
103133.565614
95858.4181977
85432.5335952
91296.8491373
83368.990274
84276.0786077
86783.4296809
94510.7630285
93191.260106
74311.2364167
85174.2820663
87727.0818572
92577.7905832
90216.3609916
89876.8576212
82233.0918051
82160.4417973
82840.3086756
81432.0072776
86148.233416
84693.9377382
86718.7295292
79909.4960945
85561.4615452
88425.5950565
84930.3244204
79239.5718616
85417.3984154
82458.7799469
92625.4785515
80825.9311325
78171.758241
82479.6467828
99429.2743689
88993.6613772
91926.3738344
96582.064394
89857.7587339
76316.743798
85978.0227474
83641.0639446
86777.514666
86905.307951
76794.3213398
80676.6859508
88468.85696
82960.3579369
87659.1310754
85946.1189802
80562.4778882
87557.1212575
95556.7690961
93828.7346513
82208.9817525
77418.9581089
108977.186246
79799.3949086
102678.992614
79386.0844793
85816.6548347
77181.8383471
84796.9410584
98299.4576599
92756.8001042
93257.31422
97303.9819212
90060.1342152
89878.9232276
93947.9643659
76467.5182806
76379.3493286
81186.1213514
89938.9479521
87203.7579215
94248.3051673
82368.913212
84494.0675212
75387.3944321
81240.8806095
83772.3321004
91094.7904072
82317.7362424
83115.8389429
80236.5312501
83139.3207806
80670.8494376
91508.4018157
86446.1744434
89716.0163161
95164.4292639
97302.3856499
84289.7456379
87910.5233619
88024.3800574
78054.9942978
85017.8750924
81417.7542514
94075.7775608
79841.1073438
74958.0761512
86671.5200474
76333.5869339
88105.3855452
88708.3730671
90739.4805621
81295.5156284
93771.0964038
87201.1294243
90957.3437016
90111.7928012
93927.3891649
88318.6464189
88276.0720067
94578.8709027
92059.5377914
77599.8538853
76133.8636785
82655.5521569
73789.5141717
83432.984457
93378.4341521
93648.1023628
85136.7842528
82291.7479697
79143.1034614
79974.2088199
95944.939708
93486.3660905
81375.366278
78475.5987696
84754.9394186
84591.9767126
86432.3966551
88139.8364048
93671.8866661
91004.1640503
76987.7458596
82820.3861058
84942.89017
96820.3415272
84402.691289
91801.5296301
88514.5905517
81659.8026007
99753.5412195
88968.3054578
87167.5006711
79136.3800616
101105.943708
100543.883513
83723.3546346
77915.5563341
79372.6938346
84872.6083049
86069.6871333
87460.6450332
84600.0251189
77853.2383904
77166.5271346
76951.5869619
88994.5655314
86128.5422565
89449.6372361
85134.1222635
76075.9722849
87237.7119033
77359.3826713
80875.9624675
84163.0444511
91139.6491226
84961.543447
77396.4225706
85910.627343
79520.0537127
109005.794627
81749.3626505
88175.812891
79532.6008145
98990.1520484
97921.7842787
78106.3976645
86982.6771241
78618.9915495
79861.8581957
85103.6562568
84143.6090296
87463.0013731
81100.5890139
84107.1925435
86190.71464
80920.8164753
97027.2226674
84081.529477
95965.1300945
89453.8632877
87581.7211096
80618.7205024
91834.0417707
78118.1513181
74448.2959114
85084.5748691
89258.1975591
81839.776032
94834.99041
94066.2364256
88084.0377319
91820.0840712
81690.2902257
82602.5131097
81350.2351648
124455.898102
87751.9434847
83232.8847367
79338.6233169
79886.6088224
104213.446129
80462.6795161
94533.4715916
81296.1071237
73365.4177968
88241.2575667
89685.1152431
89925.4399016
85098.0982448
87663.2193162
85569.5607008
78404.9027027
78574.4079517
89895.6035787
85026.0306186
85457.8914935
75609.0857606
76789.5984608
83215.2822782
75861.7082463
85895.2456861
86094.7949193
89726.351822
84090.0839125
121428.626287
99049.1046311
82962.827
83092.506286
93252.0728207
79774.12846
79149.8530147
77211.0345006
90439.3115471
82157.382183
78873.1095185
94386.0833977
93887.6291659
92002.5745864
95217.7606304
85343.3641932
81201.3984974
92400.5077146
98149.7286261
103656.563023
76440.4631868
79554.5520981
98944.402344
86907.7538128
78669.4196629
92145.5003991
88394.2276128
116527.934404
94101.7546926
83874.4535952
80505.0273143
88845.117393
91437.3427405
82626.83972
76172.7545839
80559.130505
84194.9661796
87641.9881052
83907.9250307
76589.078331
82692.3774334
87488.4001933
79129.1294952
83291.6565216
85432.6318514
87951.4124184
90241.0813631
105332.302526
80280.4454998
93288.0047797
84678.3672544
83307.8967575
88923.874476
95372.5698911
84039.5604086
82006.8687488
76837.524303
88373.4542035
82509.9345859
90164.3272265
91908.3789079
94132.8183875
93732.9727822
77337.2794401
76007.886753
100409.970362
90059.9630469
85282.8495866
82952.9862301
79646.360673
84021.9597197
85724.3509935
97328.3367983
87472.5246688
81025.2521975
85630.3376748
88812.5622406
78491.8704936
91572.6886619
78851.5322411
90709.7908551
81760.0509729
74303.5782427
91063.1710014
78566.4865884
82587.3342073
85229.5594129
85055.7119455
81625.7980538
88178.682974
109680.204572
100149.997389
88371.4889198
92907.8999565
74425.1578117
87770.7049116
88970.3850042
104606.350793
83339.3224722
93453.9106189
93821.0395572
77405.9958258
84916.7847813
89317.6366462
83172.5671004
79976.1100513
92649.363029
74830.6425879
81050.357658
90820.8800848
77762.6558167
86720.3385497
89725.5977602
102977.765092
89356.1996752
89324.6475827
81187.6644018
91892.571854
81972.6601579
82697.2843587
88074.3536442
96685.4280542
90451.4903823
72471.9731364
89409.4143834
91012.411839
106269.142379
82883.375828
88208.970714
76713.7692374
74478.3546527
99493.1641433
87520.532183
100921.5684
96304.8974467
81022.023384
88920.8397948
73798.1306998
73922.3678634
90795.8507963
87794.5823163
96015.4331
79489.9612403
84590.3662594
97666.7342982
75618.8980163
89499.6549628
85022.5882493
93308.2646929
79992.8905751
99611.3128691
91715.5181458
76650.5040484
80439.2914707
84764.9930935
79513.7106739
83686.7524984
85828.1953176
75408.7898279
99700.3070228
96443.7103785
85063.1824287
93843.7920319
84885.7663841
83920.8103195
93688.9408221
103976.307726
102099.572565
90138.4513842
82853.3686848
83928.5003573
84639.967351
79329.9697026
90460.300405
85875.951754
89261.7083797
85238.4504718
86767.2515036
96809.6735133
95946.6855333
79234.8576771
78796.7564617
85582.1450861
87839.692545
84008.1659233
83540.3540162
95176.5443773
80785.8915259
74685.4284213
80374.8753131
77752.7980073
80634.6749835
81871.1666287
87673.5411299
92878.4460253
83378.6316147
102300.073823
88400.9833753
95606.6844369
101235.706702
84018.5090028
91938.2070869
83977.133074
94430.1760483
84529.9599768
79420.535714
82362.92372
81386.5604899
83255.884041
78424.5430174
83613.8150857
95426.5572745
93277.6130995
79105.8032578
85671.1478094
82132.77887
82140.1848656
84055.9552697
97502.5802699
99124.5883879
73837.2591507
78711.6392316
85837.1229931
81510.6073552
92413.957438
86387.347454
96537.6838002
93144.8224485
89779.4501159
79500.6274578
82524.5495835
85867.8763562
91196.2977582
86256.1020288
79992.2318496
83177.6818683
98615.1384766
86379.09214
99897.1950685
78974.1927055
80350.7510311
88727.4189214
75500.1142079
87568.4000232
80887.4039686
77378.0011593
82716.9499211
77329.370742
101219.132318
78080.3187038
74711.1494745
91438.4312881
90344.2836559
92207.8491758
85958.0677133
88597.0211771
87056.7347556
79713.9670174
95404.6730827
95393.5805572
79272.7235416
83882.6822681
99530.9212737
87098.5267701
83085.9341733
78707.0064124
81792.9281439
81756.7614144
89842.4727654
85021.8452237
91392.7385746
80841.2350656
91763.3427467
84377.9686446
87160.051777
105986.919049
80937.3893479
85044.6526721
85224.3363662
98908.0062501
95859.6142785
81012.3228512
97096.2011941
79077.1128797
78170.9878323
84870.8468396
91527.1862202
103739.04301
85313.1989925
96420.803252
78325.8909163
78799.7899331
79102.7991794
79891.7215545
81050.3450656
88401.8636712
81933.1368707
92109.9119319
83376.0656004
82913.6344403
84231.7720697
83269.5702256
95777.3126927
91963.8914859
87771.5958124
80961.5146752
86981.6550778
91605.600565
89587.9705609
87589.514043
81651.2894005
87316.7759515
83359.6478953
81875.7920332
88930.4955057
82142.8465135
88712.95513
77698.9954601
84802.5940942
86454.8315545
79850.2581626
84382.0578851
86314.7239299
84868.4950315
113608.762349
84356.6940802
77512.8784739
77095.838281
94443.5933804
85796.3218614
92906.3068882
95615.0947157
83379.9514889
89766.6415251
90155.5826153
90203.7364252
81997.9014719
83445.9536259
82388.4848108
82951.1725773
83499.7307551
92033.1980879
74119.4418518
79097.7982168
89402.9498606
89776.9989265
84132.7912605
83706.6921512
96387.3038165
80875.4500537
86781.3168058
89640.1921386
84766.8674979
82930.110319
94793.2095749
88097.7556946
81414.1732177
100095.622199
94781.2349256
91756.0481373
87001.8395876
80304.4892898
80757.2541246
75893.8214689
76395.8083725
79048.109849
76644.0254455
83699.7150319
87505.3099317
92237.784366
77919.1153524
78501.7621663
88606.7079942
86825.4569955
95447.7380202
93025.3308605
77812.4303934
91093.8345054
81202.0995076
82272.9802317
91544.8528472
88373.7687101
80608.7052485
79358.9717958
88504.0725005
85334.7354948
84764.9388472
87249.1275435
84832.9416744
76914.5963232
77807.1418977
91299.4908825
81392.3586923
83056.683485
80200.8874898
102382.800468
81771.7952017
83494.848247
96478.3290032
80588.1984532
81238.0240623
73845.7156137
97346.403681
86634.0651139
88249.4688679
108388.326077
81927.5679972
89469.9714137
80051.124389
84166.0229809
84685.0600638
79936.2296812
103703.75304
87230.8104281
91332.3531497
80064.4126497
89161.5842506
82139.3625553
85249.1903908
76851.078429
98269.8394869
87182.3403674
79065.7309649
87760.9406564
82588.9209888
90922.8402315
89188.2414043
79709.583386
92008.2422157
88844.1429841
84048.8133891
79142.2735391
84919.0830674
78328.1584896
95058.5394959
99532.6308896
100546.823172
88228.1822362
80215.3185355
87125.210448
90083.1203614
84902.4255046
87268.3864048
95815.5229662
81503.2325284
86347.580705
81987.8098761
80952.8723434
89791.11471
98494.0537897
88821.7512076
93653.136036
91405.4938093
87996.4242043
82996.4446823
78583.9185916
86622.6720411
87562.9289941
88222.6769581
86582.8565635
91967.8112833
84004.639193
85982.3365589
80493.9420869
89473.0559931
83479.3998813
86844.3574598
73738.9827653
86845.9376519
84217.9583461
105588.978418
76494.337813
90825.4361643
101126.199984
85355.3811936
79696.0307855
91848.5582007
86171.8304038
84759.354295
105548.732663
94043.3966243
94424.30402
88988.0463795
85621.9768595
106086.631444
84947.6900436
80932.8904421
92055.9538657
77030.6954643
104495.568961
90516.2674177
81273.6856732
86337.0924848
78736.1542811
84127.9594072
88572.7513039
116332.098454
109171.738199
99464.1173344
92469.0365261
117814.332317
82475.3713809
87196.0963912
94458.8049005
84102.9436815
109813.429075
74195.8132418
85910.881088
97377.6338021
79875.9426053
88326.6647089
100053.443153
76540.4845398
83569.841744
83582.8108524
80489.3363756
92089.7029002
84348.9962969
87683.2732772
91680.1999679
93602.485386
85433.1016119
83491.7723522
77382.1014737
78870.5770995
96668.7843178
76525.6435964
76410.1858083
93827.3833961
80969.7846882
89347.0908448
81822.8889662
77437.583937
80664.3313165
89961.9110517
94296.6941443
75689.7137313
91734.3606237
77746.8140847
132130.93932
91267.2869171
82225.7859035
80220.2579765
77770.240738
89215.6703163
76657.496374
76203.1692938
80219.8534648
91244.7816052
85791.9584103
83736.0423993
96512.0585204
86767.3715956
93009.5780479
88545.8898597
85770.4117368
104809.495027
90060.4737588
83773.7942892
78866.5602209
97724.3622888
87214.9542139
87075.9447498
82164.0614503
80450.3883934
83399.6093071
79643.3758182
86255.9546276
95596.6371836
93462.223164
96213.4300024
97730.3636699
87346.871608
85193.9959194
79218.7164759
82627.2074978
76339.102788
126385.952045
87433.6010886
85179.7759344
93807.843938
87477.0903304
77074.7166545
96998.1010241
95980.3539152
85315.1461391
106478.11213
89929.1229188
89316.2005334
84831.172277
91694.1739836
77924.1070938
79542.8506648
89563.3453043
99498.3523074
85796.2752008
103157.149837
85517.1350646
146013.261161
77587.2529253
79142.7805156
87848.2199455
94383.7204922
94310.8408331
83540.1233773
79871.5354927
79075.6886654
100785.555399
79223.2179686
81754.5145187
84109.3938062
79506.8594812
89927.9845
89921.1188154
80438.6188927
82387.7730028
88780.4316578
89325.3381716
87887.5163022
81835.4481935
89174.962434
99785.0963753
86768.666931
93870.7520972
94803.1998269
90727.3140854
85981.9189883
78043.0653076
86211.9187084
97278.7615534
84650.4240503
78543.5683254
81772.0327467
95622.3812632
86456.6245962
76841.8594991
89547.7354831
84055.1677488
79461.2937408
79172.9018492
85308.3082752
89183.0282852
104620.438883
86439.9138533
85892.4057745
81760.9312131
87928.9395469
85504.1294445
92284.9027971
87268.644242
81542.1223257
84658.9777214
94679.7456871
92091.3088245
85526.0120245
105317.640086
90819.2669962
89300.8164401
79760.4652866
81595.3385597
86023.3120467
95061.5568608
95092.862768
82938.856795
86232.2062319
95799.5236869
82390.0389583
97221.4637106
78827.3904057
105723.97799
79626.1312938
82323.309948
84714.6699855
93056.5632135
89361.6933738
84266.3842926
88571.5071133
91167.7978309
101034.142393
93629.6299786
81165.0041841
85523.1017708
88293.8276404
90560.8976484
78675.1075308
102742.83533
89395.7290727
112619.77479
77961.7531259
78832.2276865
93615.4005587
87602.6270653
80705.8546175
87233.7782533
99354.0463771
86749.6174283
79540.8674459
85735.2222575
99446.8995063
78582.8379634
102070.191304
84119.0285564
94433.3979251
80756.0121951
93965.6810344
83201.9001931
78593.7637403
79771.2237951
83789.2695969
87763.6490886
87852.6581787
82210.8358187
91705.4000111
81364.6434088
81740.2886981
78591.3486231
85880.2521307
97828.1254747
92199.7126956
109837.573057
105315.320721
88898.4422223
80217.7191501
89587.4718733
78480.9489129
90525.1256804
93760.8888334
80875.8314012
82227.8867007
91562.2785364
87551.8901133
84865.3722656
83221.4672098
84584.8146359
90253.8708453
82837.5595359
93694.1697229
79965.3909459
89550.2713992
95999.8776504
83081.912775
85166.1613797
85978.5073131
78579.4621164
87535.6168005
86285.8595045
84394.6216148
91963.6302198
87784.6572881
82021.8327596
87863.6869505
115522.087067
91053.4430994
102354.638735
87806.0388757
79195.3317209
87091.5907524
86259.4478341
81944.1835876
84447.0342183
84934.6069988
79825.930543
85958.1563283
79727.4360155
97233.2436708
89015.4454829
86933.7002188
82067.9353618
87077.493637
85866.0253733
89504.9868925
85540.1761411
78993.1858788
80949.5184279
115137.614388
86244.1335495
83104.3877271
90510.5440917
82310.3226534
95141.2978328
94465.37733
93933.6234283
95207.9401026
104253.851119
96390.7019011
77845.1822656
86188.6520455
89263.1473406
94984.8220376
84671.1254584
78317.1103628
76843.8288029
78059.3128143
94992.2527712
87213.6526516
86693.9373716
86199.0285045
75149.105174
83384.4900436
87763.7318071
84763.255013
82743.5190947
115365.555269
92177.2744907
79573.1804787
89929.6657857
82643.7421604
76419.6958186
89438.6311172
80993.0431604
87603.3610037
95004.5824439
88932.1711926
114785.158416
89494.6654261
86203.9223093
88505.9132747
97419.9817789
81415.1919623
84501.6853002
82097.1006957
90448.8438641
87103.1649077
85487.0108682
99775.2432641
92705.9778926
87560.7684518
85113.0523817
89004.807066
84867.9510178
87108.2153672
81598.0187301
84625.5478125
91999.9077302
83071.304091
94552.5909384
90174.8596009
83046.3423029
85773.9460146
75127.195404
84199.719356
80744.3595026
85365.788436
76950.9893935
90361.0087089
89979.5392836
80415.3316677
77293.6100231
100560.787921
88459.9013451
76234.1944903
92990.8019228
77474.2536458
86182.7493547
89468.2397525
79390.7360772
96690.6142845
103099.896529
81914.1792091
87393.4774257
85242.5173659
78296.6859843
91955.6539491
82207.4402868
84477.8931687
87963.0464488
77213.6502896
77132.8739433
78109.2804673
73634.3928805
86221.385889
83157.6815549
94181.6091425
85235.6313434
84959.7281724
79089.0734642
104705.583862
85234.1463665
88723.060272
83380.8839637
93617.1979683
101174.389884
78355.9491863
83172.7798747
81200.6254044
78903.1742676
77029.3128905
94636.9703534
89192.4001122
78955.8184775
80111.6668217
89861.5301775
99408.978801
83510.7536895
98476.3636787
84978.3961363
85351.077859
86633.6690467
77923.729019
86219.4648613
95161.6214462
90328.6673829
90047.4021505
91228.7667694
92568.5720989
91383.486065
84561.8835039
85662.7962583
87552.7707037
83496.1371282
74646.9795282
85494.5426915
84374.2641762
76146.7516579
90827.1524997
89065.9190188
85368.6785009
93850.5263764
109083.091954
84428.2172331
93205.4053308
82481.5620486
85376.0017472
80369.5304178
106031.642093
75584.8057643
97845.4272162
86948.8715488
78622.664467
85578.7939331
91199.305718
85352.2926359
103231.726411
90314.8880069
106930.322152
81725.8190863
92104.4302925
87725.6619068
78752.4941631
96439.9125296
102773.135018
80049.095366
96480.5914781
85115.9332166
96960.3589353
90897.9370426
85494.6741813
81538.2041537
93845.0472909
96383.5745249
85572.2798755
82498.4778175
86263.3221344
103217.193444
82871.8175675
92921.1371159
83863.1101247
86898.9602633
89487.4277809
88172.0851498
90023.6471648
80689.0846577
87595.9627544
76952.5407727
88592.4843491
85784.3743532
84182.5594827
82217.7912975
73261.2922528
73504.006172
108987.869998
82337.1749812
84607.5131768
75987.6252468
101288.08144
83997.8124005
94894.2745611
83570.6032559
76437.4277118
79939.1015055
93155.2598729
79584.9892067
78400.3204265
78844.2271954
85612.443667
85176.3573021
82832.2166844
93211.7211404
90130.6565336
81104.995776
83163.492072
87752.2894989
88810.1838029
100602.783903
83176.8087561
94468.9806578
81356.0542998
85223.8245111
80337.5993294
93988.5635001
75862.1658899
88049.190229
91373.4844617
87977.9465315
82062.4472877
85868.9174529
87761.7566873
80909.4810141
82862.5135834
94774.8232484
99448.0705667
97913.4238657
97488.5942224
81257.5200585
78070.884906
75464.6107756
94711.482423
83152.2463189
85417.1592279
84524.3966312
95439.5447762
118616.248635
77578.1397047
82663.1152426
81737.6044389
93972.4649576
85657.9502229
81068.5080791
87126.1245331
84038.9642917
88162.3826984
99567.4199925
86246.3058081
79801.579525
94048.6007389
81401.0083594
82054.9466863
91556.8742266
75160.3554279
82484.5494797
83340.0341215
99195.2501783
77084.5188886
93490.5946597
95952.3947426
79551.8435614
99422.8137351
88569.6736341
87491.3267985
90662.3702791
78129.7499629
113095.084287
91788.690311
87383.0909589
76596.2904887
92113.4509815
85368.8590699
93567.6839108
85560.7352576
85007.292719
99194.6033313
75690.8122308
103137.012885
89436.0693628
85164.0683427
91752.1812579
94542.537665
74359.1710521
97582.0787598
105394.691968
84251.3043186
92213.3793991
83534.2121616
83840.3768751
80692.9656341
82452.3291207
84399.1628207
84970.0579121
84745.9740869
87909.1488555
83653.1379355
84841.8344736
98541.5027116
86357.9657959
84350.6827553
86470.9620383
92095.8695914
84696.5624935
89734.4699835
99014.5132311
77570.0895394
87338.3507327
87052.8204992
82419.3581223
86113.9616509
90572.853059
79187.7310537
90399.8631614
85968.9588091
89956.6535909
92400.1130913
84138.0049214
95721.7688654
81674.8754285
95088.335537
104753.044205
79495.5500378
84988.3782908
87334.0556497
90290.8154155
94426.174491
77970.9981706
77783.9260719
78989.5432503
77421.5495817
84312.1353028
91262.4836646
81142.6066077
82734.2779883
89517.442503
81683.0217341
74292.9160698
75704.759968
92527.9996243
86310.9359106
95089.8273304
88982.1974762
78024.4485241
84685.5384408
92074.7472459
86947.8624457
85173.6814259
87833.9043707
83004.9939503
79115.4509246
90597.5615309
95396.257979
85403.3017213
88464.3217044
76719.4948949
81038.8120503
96162.9187882
87158.6096364
86002.0940859
75318.7011248
82090.1293593
87861.6303987
85389.1204183
97854.2194004
100688.747354
73932.0874519
99002.1868877
82858.0792915
94019.6393391
90394.9027406
89886.2466698
86642.7646468
93059.1751683
92976.0927396
97232.5388662
88625.1365971
89172.5396146
85835.0077268
95221.1722445
90630.5027664
108267.123959
88045.7285527
93282.8980064
91163.061587
96310.1025136
83814.6378159
73964.2160101
87331.267553
90945.0872379
79913.9018043
86347.6019425
96568.3082405
82348.7019774
92074.9607081
95264.3943373
78934.1639227
91184.6547366
93061.7860883
77442.9214695
87915.5347237
102708.562624
77341.4662068
99967.7751193
86337.1820654
84658.6901978
81349.5281571
80588.1614192
74899.3134759
79846.0626403
80271.9837912
76128.4657911
92416.253427
89905.1110001
85359.8250023
78781.9022607
92281.9140637
92020.5974178
88936.4040512
78820.806314
100408.26639
78444.7802339
83511.6080675
85121.7881656
89384.2913966
83574.0824844
82208.7801784
92404.2627686
79511.7104303
73372.1126492
82828.5747383
89632.3706386
108509.134287
90876.9860792
85309.3478621
89955.5388321
79384.4917475
84662.4428349
88920.6685882
85264.1073883
80625.8269354
88196.3533244
85293.898974
92107.3822211
80891.3653858
78421.5704764
80674.3558665
79790.9413013
105979.284727
77761.2177701
82776.8597644
91586.4728064
89801.0658358
92214.1683785
74489.1201682
76151.7228816
76335.0918181
77638.844048
75524.528578
90149.6006047
102487.280496
83418.9401071
104430.231793
80370.2456686
91673.1782148
96301.5160098
87156.4744378
86730.8846464
86639.932356
82523.5571224
95544.903592
93414.2174675
86823.2674702
82426.1812579
78947.2482785
90060.9403715
91790.1153385
80345.1848758
91291.6368426
88728.5354801
84885.3737322
80206.8348505
84653.574017
84840.6962703
88956.003267
81939.5030196
79707.0562108
86929.4242835
78693.2157679
85766.6070385
83856.0133526
98606.9519375
84265.4241987
81537.8004561
101155.716367
90088.4367251
95106.0019673
85967.2695113
90761.0276003
87788.3021458
83371.6934618
87525.7502256
93766.8442721
85733.031299
90672.9962242
89310.4974522
83513.977519
83371.9397531
82505.5930529
89532.0590034
89754.2104398
84363.9642256
87857.8683052
84943.6767295
101030.763742
86694.2701083
79535.6671209
91690.9974049
91261.3962446
92536.003015
79731.9887275
85822.7370003
83707.9434957
92079.1518451
83289.3181486
82678.1528152
82635.5576758
80481.5821644
94027.2091482
96835.6797395
97430.4328748
89531.806062
97111.5264451
85178.8527906
88581.5960687
79274.725251
93740.7926871
88643.5170523
81263.367728
88149.801129
74948.2846568
85880.1099402
90567.1312487
80542.707086
86297.7071015
81519.3226796
96106.4225933
88436.8826781
84893.4027629
102012.701191
82029.8835079
85696.8069497
88946.0228128
95543.7862866
85480.7169989
85465.9291753
78802.5769887
92830.7236828
85797.8497003
91491.873553
83437.433377
89390.1689145
107787.36246
85498.001723
91874.9057273
74796.4823379
84402.5377657
89300.6322921
97058.7404253
81809.9226714
81732.2959935
86130.991152
93944.10204
91775.5287626
83426.6040102
110404.682785
83250.3729659
90049.0792344
86463.2362176
91283.7822961
99344.7121521
77481.1257346
82893.8163775
85000.534376
95180.3023149
85855.7152779
81950.7826909
86669.65595
79694.4292563
95884.3294265
80779.823299
88206.8170127
108285.976327
95415.3284517
95969.3484783
78620.6062408
73032.6344131
81151.4036949
89146.3871419
94103.9607153
92260.6194011
87935.053663
88976.2990118
85822.495049
87376.4778005
91991.7260446
86983.4081157
88017.4375724
84848.5134348
83986.7786901
81325.7382908
106988.342299
85950.4831328
84805.5999649
84528.3745394
87167.5378273
85422.1642032
98667.2257101
84340.3600136
79809.7368083
86883.8606886
77465.8751239
93563.5671039
91165.6286103
90887.0858168
89671.1369842
89454.7825397
80814.3718513
90587.3634902
79364.4782736
96609.4816861
86069.1650194
76117.5459311
87894.3975679
79625.3134152
93997.7706111
95041.61274
83694.5758637
80524.3985091
94865.5425472
99891.7664987
85034.0549642
99413.4331971
75959.3469787
94003.2370709
81727.2513784
98180.5139171
85542.7670522
89848.5698412
80479.7896433
85817.5035075
83126.1272
94317.1239078
90085.5448471
76088.1892855
91479.9664568
79683.6790741
81867.0060191
88768.6520609
84587.5949656
86208.6591188
90158.7675705
81074.401584
90470.4224797
82278.297924
94609.1326525
84506.8010958
87467.9295593
91930.161693
91976.6026625
95744.5473153
95324.7770782
83839.1743732
79814.1924052
84599.8865708
88900.2747161
88246.0754918
86427.3195376
92745.9026857
94578.5714381
75346.523236
77786.7769523
84012.1644691
80637.5014703
95403.8436198
90518.6841605
86519.3173947
76890.6661263
90926.3762995
90564.26409
83881.3092354
78504.5219822
91661.5704062
104928.187644
99923.0599506
79485.4478767
84776.4276293
75872.5327453
98749.1740537
87728.8630803
84678.5151263
86982.9798622
89630.2614374
83154.1811211
79064.9929339
87929.6551827
90349.3830373
94585.0858467
86263.9326403
90369.3908682
91350.5742631
77206.3795753
80289.4436346
79985.7305873
92030.6775464
87388.167924
75620.058718
80344.3955166
81534.8193962
91404.0069473
101333.213056
94362.5377794
82343.0860998
91619.9048661
97007.8513955
97047.6140033
108450.648113
80289.9556403
80693.6536619
80556.7743337
84973.8302372
93613.149046
88839.6491793
79561.9468249
87483.6233818
91917.8300502
83678.5875257
92547.4348279
85752.140187
90330.1562088
79129.426617
79934.9911147
89758.5255716
80363.81558
87875.0508509
85909.8714957
85944.4463951
80215.705233
85875.7967044
89275.5059277
78932.0684672
83315.7226834
96363.9943691
81496.3755845
83506.8676845
77742.9645733
85996.1441071
86279.2660922
82665.167688
81503.7253977
79451.3294578
76697.3654342
91555.3641175
83058.3486899
91072.5604027
92280.342306
96027.6374868
91021.1300591
85148.4982652
96268.2254436
76181.2132173
92904.8532851
80910.7966023
80158.3618221
97141.2592721
80605.5443222
86701.9606035
75108.1952436
84039.3599756
92240.0561593
107625.95852
79612.6558067
101263.502616
84027.7090794
75735.70236
81936.4411351
92036.6956078
85064.411603
84067.2788158
80738.1209994
84787.8945861
84592.4363289
84645.4031309
81556.1446734
78092.4899369
98501.8100826
85419.2456852
80354.5723522
84091.7926136
74848.8175212
81162.4413008
96399.5331906
85203.6521398
95661.3138147
77819.2480483
73854.4870589
89545.9177699
77487.6370323
78766.8002539
86610.9030836
85454.5873972
80477.3192542
81958.528927
82524.485629
87692.5627199
98222.326074
102979.465085
86105.7360238
86435.4883255
85596.6673873
90545.0536648
82347.7029987
98108.8680971
80852.8676588
83841.1541677
93275.0508897
85687.7798102
92144.005263
79158.1189664
88925.7147099
79469.9171988
101141.661779
89556.4285986
114074.271262
80630.7355485
91763.5168673
90896.1125978
90697.9013414
102088.943704
77665.6183105
89412.2185702
86591.7088711
97048.7944095
77542.3856579
95835.7945119
102594.198596
91914.5559566
78720.2729664
84656.1434924
84454.5019702
84979.9197695
84211.5682839
74099.0229019
89582.7922352
101160.186872
82259.5672746
77158.8854723
100400.812093
82919.6829823
89335.8871183
95672.4073766
101107.841559
84779.1330082
83271.9297946
90178.9018266
78207.1788409
82759.1725734
77348.973358
82932.0399715
74071.6912102
81538.5012007
98510.271842
88953.9256286
76625.8048465
83334.6359685
87544.1586641
88321.9024813
80425.8885482
82283.4176623
82438.1047936
76436.8688156
74555.4990144
86187.5419406
84903.2410185
83071.7933702
88502.4783428
87101.5514254
83323.6156748
105245.015763
76552.8522209
82523.3018818
81292.7212576
86069.728849
87856.638012
80564.9469011
101419.250634
96674.8929842
80291.179083
93491.5127445
85775.1856657
77047.4384797
77132.6210515
82342.4581106
98718.1467399
80107.0631575
85669.8583358
77821.4785981
84216.9606888
92753.9989255
87324.4521411
85516.0509979
92382.8456787
80229.5950788
83344.9352107
87835.0126398
76940.0957267
85894.5785829
93997.7150253
101763.144099
77817.5792913
93161.538976
80075.5947981
83220.1695984
88268.0925873
86812.4634169
96711.6434687
81584.7453743
90917.0703787
82410.4829068
84649.4553134
78700.1429103
90578.3312238
87273.2433312
84357.1947813
89247.1065573
86927.6096739
86089.88937
79035.1721561
94949.6118636
93869.7902302
79354.9757201
83587.2260204
78665.6319928
71343.6601928
75140.4444466
77320.2119091
83951.3738063
87663.9724749
93094.0518476
75969.8592629
73340.2054806
98474.486335
78087.7888152
86874.9414146
91123.4943016
99400.7925981
99294.2954648
87408.2394621
93623.7320901
78727.9679429
87383.0144562
88097.2692404
87409.998225
86843.390088
86370.0274458
88585.3783729
88550.8092747
79551.129744
89199.4375272
88983.7133002
93419.4894336
87320.6285935
87405.3674195
76518.2104665
106693.734407
79561.1162445
90110.5692682
80218.1170112
78334.6014333
98922.1864597
85533.1579463
92824.958954
90447.2473891
93374.1869435
82915.2347019
89755.97573
89970.3606103
86635.9525633
92964.4466079
80237.3463806
95022.5461717
93018.7849849
87679.6819528
89067.7832676
80956.5939173
84915.5105617
89752.735637
117894.760636
86057.7076214
79518.2339343
82364.7087057
88251.7193604
84196.8254213
84590.1572388
82797.2491217
83540.5851049
96154.7073561
82755.0365611
87416.8460341
82200.2764646
76771.6866401
82515.781747
84263.6433412
87074.8394344
80615.6938989
104054.049657
102220.429028
89419.9881652
95413.2361844
101478.15693
83725.0176186
77036.2431623
88388.8171713
86766.7032158
84583.0945188
77665.6873915
86457.5567928
90168.1940194
85803.9091203
85773.2142801
95197.4661117
85441.69489
91137.5586594
87114.2810299
81875.9212164
81458.4038084
90338.7055468
77871.8597373
98498.4745215
85290.3606051
80083.0388769
93277.0916064
82159.8502133
80779.6977173
94304.0998174
87641.7061448
105482.042538
99397.3850112
79761.5685527
89388.5318641
97811.1289604
88184.4752092
89310.8986614
75540.4615729
88196.3076084
79952.4473524
91385.7998475
85894.3154034
86014.122134
84839.5146477
89590.2422228
104269.112725
87864.9594806
101098.519695
85195.9339483
92903.7155692
109166.065784
91379.7166621
86358.4611218
83690.7081846
78509.8671367
82278.0756772
78971.0440333
89147.2848011
89300.8730256
86867.9706229
82543.3593427
80231.564229
85830.40033
80972.9256152
90808.1036275
76996.3835217
103291.747306
92419.1886236
82505.9379964
78913.4392229
90783.361637
81846.6169926
79744.0671447
77612.3744242
83962.7443811
88530.7856386
83799.0822841
92661.1054668
81150.2661821
101615.819114
85977.251929
95342.1266311
87479.1098089
87669.7398506
82835.4351964
87435.0989774
107073.610324
85205.7515025
95589.1919122
93744.4608333
90431.5816124
95323.972796
82229.3483412
81615.5070823
91357.4852233
82572.687136
101919.301152
90459.8614331
87155.6552455
103788.504006
87764.9096464
86268.3032948
82523.5058219
84852.9273106
93940.6999141
106833.990912
87928.4469249
86706.3598931
86606.8837883
78935.404071
89649.7443486
78738.3471592
87197.5802702
94155.9201388
101292.146651
79887.9766911
86286.7545721
90716.4414
79225.1352241
82676.9441222
79869.0118934
107245.448509
79477.5795005
86547.1058577
85853.266031
78521.1759942
97488.9293422
87596.9435615
86302.4015858
87991.9679874
87836.9994687
98511.1934901
76960.1111782
85752.6759567
91957.110325
81084.0296787
76699.3200238
85117.1872225
85407.8370403
85876.9459486
80671.6828658
79799.1775526
84955.2718658
88990.612119
87364.2520003
90566.9998243
86522.4970905
88076.1999244
88967.5779873
92063.095979
75190.2510437
106974.499143
90520.4418343
86355.7239783
90201.038649
88451.3225615
82543.6341524
90793.5794913
107701.896107
90210.1496755
87698.7032916
93128.1653791
93509.9407789
92493.2172635
86740.5106257
82708.9064149
83659.4591355
79371.5860305
79307.7413395
78703.7264847
81323.4013649
96496.3593598
91612.6516653
78378.4864411
95743.1423069
88101.2402515
90634.7351772
79430.7564126
96579.845084
106509.49903
78726.7820925
86388.6823052
79366.872658
86053.3059089
88235.7949981
100268.429955
89805.1278617
110609.432449
88738.8824765
86076.8994006
80997.9871439
80983.8490426
82508.866136
87280.6463697
73382.3908268
90580.2930339
80538.7115619
89370.4741231
85647.5910811
89110.4171812
91139.3154936
98600.3421186
84784.7249977
86119.041188
83831.1378529
70542.089522
126054.145021
87963.8856104
93920.7527141
87171.3030561
79722.4533205
95248.838308
87134.1573452
85686.579503
83566.6017262
93373.4721192
100570.34872
79805.6259074
85059.9067692
86135.9015293
91063.1218037
110624.49096
84284.9386041
101254.358892
83134.4827192
86747.4158954
90048.1939724
81732.4451212
98888.2451672
84210.5252916
90148.0882869
87891.363688
92427.0468115
95114.408352
86853.2097058
79916.9982887
81032.7625392
90925.5546887
103361.703728
95619.8199692
81878.4125265
92349.3884786
86221.4660895
101272.521891
82716.2408294
96727.5766037
81987.0338995
90578.0027617
89234.2064966
95735.1295345
90850.369849
93605.6818994
77664.2250292
86015.2565517
83909.1915845
88701.5355335
75260.0328189
93729.8068872
84122.2199317
85306.7074057
78098.5493444
80807.043708
98877.8173163
120528.098586
89215.2549365
81509.8339636
81271.7835946
92665.2547552
87853.6725645
87766.9035514
82894.1459945
80852.2744263
84414.9007085
93749.7486895
75574.2917108
80689.1264814
93735.6263459
104157.217329
83570.3562733
83254.0741607
80910.1580651
90807.2377436
78024.5558489
89547.4986151
79592.5823034
78643.4375429
85607.7685416
74947.333531
88533.3804327
97464.784184
94285.9249416
84286.974199
78063.8286075
81046.2639262
88861.9154503
84977.4808747
92487.2322994
91767.1808109
85500.8726911
79968.9204005
89082.9870637
94328.3705798
92138.4759253
86727.8736601
77957.1374791
121946.358046
92163.1190243
93092.0672064
77786.9779871
95676.6401117
106049.871342
86922.6412437
79254.3829531
95230.0468691
79853.4863094
85532.0681308
78236.8559807
85030.1663485
97602.4575978
78208.219525
80692.0027302
84708.0041363
85904.0668113
74418.2425146
90191.6432349
91922.7718248
86602.5236148
93112.1013018
87129.4343307
91130.7455449
89038.4173091
79842.4163636
100163.523115
91856.0858663
88720.0829586
84211.6883758
82900.4649152
85071.2344132
93084.9611399
92945.6353895
83551.2705743
85187.9531684
84212.498662
96211.6485773
93211.370169
98953.7841239
79411.7937362
84874.8120809
112053.412936
83894.2717221
90405.6949243
89240.1196314
94989.0120944
95232.9378199
84361.1846739
94597.468438
85303.1901602
88606.8575241
78560.550973
94820.7933345
98205.8190517
90865.3828636
83136.9590504
94250.4825347
82207.5986142
79586.5828319
79247.4483657
93166.8793761
73513.5733475
101168.171537
90042.7207383
87813.973106
85622.7744083
95979.0297761
92802.6785098
80472.1551568
98006.0755641
95218.0793473
84518.0774636
76116.4121038
78467.4519694
103117.687189
88164.5487562
76900.3130653
87740.5963733
87939.2652234
103949.114997
100559.269015
82423.4919688
88233.150139
88595.406624
87886.3768598
105873.812618
91076.2708045
76664.406803
89973.912159
78892.3785523
89657.8043946
79426.996756
87186.6208203
81496.0135313
81666.7335786
93249.222879
83487.4851994
86337.0559841
98095.3255528
84618.5789004
75659.848321
87841.5577688
83318.4757849
94669.8302305
82942.2562886
85433.4791182
81333.3876379
83193.5789327
88267.9828578
78227.4355736
95218.153473
76498.9253787
86169.8066076
93438.30619
78915.149356
90966.2398559
77508.6903948
85537.6112159
78616.4488847
87252.887301
87954.0180052
85554.2067115
80618.8929135
78973.3442639
79650.5003148
84270.7109915
77196.0021865
86781.2359054
76609.9346636
82597.8523993
75255.0666333
89529.3224819
97710.0041453
99701.9245855
103930.466357
96742.3773273
84983.8319781
96966.0276007
84483.6107379
85317.1634944
91639.9886813
78557.996846
78212.0075962
84059.0822523
91107.9623019
95042.8732434
84243.1724456
107581.292751
80922.7286876
101523.731321
78892.418224
76503.7744466
88761.5379467
84274.3679975
87739.0810782
79185.0914344
82630.5038691
78811.5143806
103427.83383
81085.8200658
91737.9663238
90966.6025128
84857.362407
86515.1996414
100900.505278
78918.1084446
87013.0749889
105101.771657
77244.9739488
103221.478285
84616.0488765
86108.4481175
88194.653775
93273.8734291
100062.121004
94993.4267938
88618.3774477
93055.0282981
83176.4290448
94106.8024907
84011.5724183
87293.4133462
84869.5291046
87040.6440748
96402.7476759
85185.6620283
82858.4188596
105715.313106
82715.220332
90512.6120534
86452.1106886
85934.0460219
78854.324148
100962.242552
84866.761407
86081.0739088
93189.7096001
77067.3506491
101880.20793
98595.8395927
86323.7221424
84325.2365594
85666.9442125
80459.8735107
95840.7000949
78447.5602253
89924.2949956
96395.9345852
88515.3528586
89856.195368
94326.9968015
88092.587053
78764.9202033
86093.5751357
81118.0747849
78168.6965574
92546.8572395
82027.4732649
76416.6512275
88333.5763006
76438.8084611
83538.1313286
105039.444689
92961.8637803
87231.590341
85049.4607765
88392.7182729
90352.1615049
106693.379772
81492.1928225
88407.9514533
88991.850845
88133.3752851
90661.9159057
75213.575177
89730.9548904
76705.3709662
92709.7857483
91075.1849521
95599.4021122
84372.3493489
85452.8863202
89968.4133931
87645.2638753
85058.485595
79540.5444098
76396.8807331
99241.6162065
98308.3540163
88071.3826492
88765.5988496
86977.7888096
99826.4094897
83839.7041295
90311.2283823
78121.7356537
100106.291988
96751.2352644
80224.2387217
96596.5650028
102768.440734
111369.912234
80722.7792029
85835.8268057
89390.7663002
105350.495915
90315.4022961
86782.5763721
90081.6110613
82312.3538942
78208.393001
76549.6724946
82778.5966869
80130.1720152
93664.394926
82352.0710716
89732.7498003
89250.6114749
93996.1457523
83740.2332991
77517.3092565
99892.4008232
86244.2971453
80503.7428571
100022.362618
77990.3671604
92780.1778171
102765.301825
83062.0329862
85625.7481513
73972.3879963
99114.9100065
82723.2623617
79307.4631993
82194.5284182
88033.5273156
77666.7043476
92681.338981
83370.4466228
80219.7880807
80615.8561427
90772.4842053
91593.4027491
76997.4158463
89502.9762615
86596.038748
84644.7313017
81389.6688596
89545.1051059
100523.459723
88931.585116
80421.8278102
78263.9653598
77786.4136807
104142.345759
83021.8965966
85570.8458197
77914.8679669
81259.6802712
78287.5836619
76193.830163
89524.8004716
88596.7460432
84802.2720197
86070.4815064
80265.2723778
78401.1767253
93229.7846757
78671.0915795
101086.559184
92403.0969528
93915.6767763
86210.1461871
94496.3876058
78149.7875998
96245.774965
94423.0418603
81683.1311504
94488.0437718
81593.3326941
96343.0945186
76199.3851801
78715.5621543
85911.7075859
84456.3079139
93728.4566506
110658.882943
75690.897886
99841.3243616
80793.030153
91758.1608212
87138.2323874
87045.9147722
83582.858451
94797.5876841
83924.9810509
83630.4882166
85166.9306478
79031.8898161
75668.7949927
110158.989808
88144.1528637
95242.1412711
79301.9275421
90729.9122267
83119.8310872
96755.4714559
76972.388341
91808.3851658
83502.4080506
85932.2545195
87631.4328177
86842.4633942
86386.4148677
91040.6759048
84630.7001053
91549.8373066
90876.8121788
90345.1826183
90998.8112934
80821.2359014
79264.228651
102786.245419
74912.7269662
92851.4704222
89700.8809758
85946.2298174
75380.3235346
88289.2010965
84333.1433058
81430.0641075
78199.35342
89022.5329396
89801.1006688
88089.3582379
82184.9300287
90355.939297
86434.3157058
89299.9031977
78345.1895686
77945.4599344
86173.4039446
98314.0645778
77791.4190568
85397.7888917
102124.98554
87053.1121628
84385.3576694
83737.2549272
82022.6932285
88636.4004923
80688.667804
86438.4214071
92724.0531672
92336.025132
85520.0165367
92540.960534
88325.2155761
75822.7647742
88958.2125627
85072.2478985
92129.1265934
90278.3831939
82785.142757
83287.8933956
83313.3252268
89840.5080999
76516.6405501
83595.1438211
75495.1959857
81521.6443594
89047.3488553
90255.5033129
86116.5586204
83584.5471838
94319.5232885
96100.4261721
82715.0973132
81383.3852913
105519.977136
88142.433387
86304.5161162
82189.014791
81460.1216043
81708.0466853
84098.826131
106385.371402
85520.1999308
91372.3770874
87915.6845262
81930.8357997
82939.5076558
83977.3889807
91433.3074652
78761.6538319
93676.9019999
85140.8400743
82372.2948632
79806.1425486
74350.0999935
94421.0277024
92007.962606
75247.7962546
83583.8230676
96026.5522957
81294.6474683
102917.222649
73836.4531698
94365.9319515
86945.8748552
87974.5420446
112389.749589
89968.8096599
75043.8401405
82565.8915828
85547.189075
85111.8640404
77753.7037818
89452.3373662
86931.5538383
87649.0182229
84548.3888811
90274.1816182
84408.2752141
75664.7228533
89837.3860342
85309.3198833
92141.2049481
79729.3743985
84963.4201735
85516.2800832
82845.0397039
92792.6119468
87603.9907727
98970.9608175
81554.6697167
80243.3116026
78205.910605
79592.5899341
86835.6101661
79877.4904615
87986.2313551
82028.0245806
87779.0159584
89921.8291613
86661.5101848
79826.9033618
92390.0730413
83827.4582867
82364.3065276
81098.791602
85692.5782623
94834.0132089
84103.4886419
81838.8093828
79636.4409623
81617.0801579
81166.7680127
79950.1415767
81796.5371968
85012.3576709
96475.5471453
92300.4449789
86509.6980111
105242.00347
78116.8384337
85145.8558326
104742.336613
80650.8682425
96637.68075
79051.0902597
81662.2338864
99130.8328593
93059.6890605
96485.6430134
89644.5648397
83387.5512804
102379.201825
88994.258631
91997.9086907
81652.0991351
85410.9622648
75274.972272
75243.2697405
92850.365977
91582.8827752
94201.898944
92150.0156153
96152.8535199
84411.2487052
87343.2708334
82009.7423488
83518.4476459
82285.8684563
79077.8531679
83728.8526709
83192.2005751
79128.4247756
85133.2953949
76028.068171
84420.0462628
85242.9022601
81191.3226938
88699.7182341
87561.1851903
103648.02927
93180.4589184
96910.2003995
94205.725462
80413.0802593
99514.3471445
97577.797686
75479.7992765
85391.5731224
83887.2923498
86380.298976
88203.985618
96125.1481204
101782.675166
81103.2956881
94963.7003418
88804.7238095
79693.3954762
95531.4879015
84597.1240767
80010.3975075
82042.7844231
86795.6218959
77293.5318908
78990.6765128
78693.5238955
77590.985743
87866.4415228
77227.1416981
80902.7921651
78916.9796394
80947.7064282
77519.4713571
84797.5550516
86682.6169983
94439.8470634
91616.6376077
90652.2281356
84862.1706513
83802.830968
82632.6524308
83780.5104677
90929.5555925
77413.302166
90214.7314936
84124.0398153
86172.2196869
78432.1329326
96347.1911622
87381.6687999
85990.6203292
94815.178806
84512.3660074
93842.4878286
75283.7270145
77251.8467731
78007.0212075
83007.7894904
85744.3630189
97800.0708539
101903.975314
85475.3280237
100679.766982
96282.1581788
77621.5881325
86483.9900888
110255.506002
81475.6818712
77107.4680687
88786.2214659
95499.454129
85563.2910333
84894.7983265
82156.5819839
92372.8745444
83569.2507426
79226.7766815
81470.6824616
92602.3866547
83502.647186
77143.1490037
98051.2495934
81967.9685454
73787.7667739
99943.7379931
80321.0275798
91970.5349818
83946.285196
90802.5248098
88982.9133549
83784.6347369
97073.1259963
89031.7424903
81596.492261
95106.7406022
90464.1777159
81394.2372395
81253.0702635
74209.9537105
82368.0569692
92033.4523152
86227.0157089
77147.802772
83277.931745
87967.9871341
81335.0824792
80693.615634
87841.3523149
87931.977302
86751.5482413
85797.2995433
86439.3525597
90696.0315863
74598.3441445
92024.3217342
90719.3377755
103861.6736
90449.0090376
83317.3455408
81064.4446313
78820.949586
88462.3986414
88826.4754795
77317.9130924
82108.2699349
80240.6846438
94161.481267
80351.67292
84646.7219099
85828.977893
99140.2482226
82969.583569
80818.7697275
94148.9911779
98263.443848
82077.6161351
89503.667902
89023.4118969
82830.5275739
78605.0873405
79964.1110349
83362.703775
79216.3332521
84564.6341374
80405.4477978
80823.2937351
103755.398207
79194.0369006
93075.9459251
87653.1481779
93436.0877892
78060.2338831
84332.2561214
85244.627176
76746.5986156
105620.034181
88784.9642031
80444.7365555
72528.5643305
75126.9819063
105442.595843
79885.1300854
104068.881783
90175.3444865
88218.8598874
83833.0593673
98614.358566
88669.9279824
88879.1593884
104814.441621
93786.3198658
90878.2776022
82219.2334876
80465.9183823
92860.0299728
103169.020856
78966.3011458
90018.3534788
79010.9309005
80475.3713451
100537.14713
85211.8197433
85547.6389448
82498.0653226
94848.3169462
96876.2254913
84656.0939517
81331.4101188
89108.6493528
84780.7093344
84581.4246781
93039.197491
95005.0517372
92790.1189843
93752.9252953
88388.2480423
81997.113105
91008.1308786
98477.3705458
87100.1002053
96162.5228917
83596.5793533
88022.4257848
83674.0050492
79175.887379
84634.0836318
76384.6953614
100280.97204
84384.5979735
90845.7135948
91915.2507893
110186.174343
82970.5634644
83048.2615953
103221.883847
88503.9757878
92140.7339088
79311.0385557
89283.2688595
83829.276194
87203.2010702
79929.9165409
78230.74918
94594.9489597
89877.3433996
74162.2648581
97599.7519548
84962.0457088
82737.4221751
86040.160698
86269.7947919
93651.5829772
78387.6840454
92216.9783052
100208.245782
89111.7434241
89414.7027038
104002.747853
96580.4566862
85387.6104202
82881.8445569
91046.3356475
78430.1687099
75756.111256
99316.4533637
88610.8144688
86091.4097404
93045.3791284
90191.2159954
87921.2527951
86635.1828208
74506.2731805
107029.440087
84391.0397677
91466.8728559
84626.2508462
94203.7416161
90043.6280714
84520.427148
93632.969994
89767.2476592
84720.1183576
85026.9747906
82217.0132463
83889.4550343
82044.333622
86170.4898376
97337.7061083
90804.6791838
88433.127223
97588.6999771
84665.3530383
87183.2351932
86793.9635794
78288.4556267
106839.197293
81976.9132199
82663.373795
89473.9987175
81632.8932289
85800.068508
86787.1061535
91129.5065789
88819.8738265
96253.2877519
86509.4687784
97962.6790606
78596.6575108
82846.8823425
86719.0491794
88616.1483333
88939.5036696
98930.8674474
83537.7727512
87668.7520681
80749.7318538
84790.1008498
85969.4048448
84502.4412451
87391.31607
81766.2809254
85025.6524137
85469.9979556
80376.5285787
82997.6892336
94599.5624619
97807.507714
79023.9028675
85493.8472169
89056.1208125
73867.3252622
90058.5930183
81143.9296566
96851.8483082
84761.6381004
105133.927814
89809.3316485
98593.4623839
95040.0836774
87430.1370997
89155.2712935
87028.3517371
79786.0093932
85956.277587
76935.0142568
103550.251966
90961.3392592
96172.4742834
84281.604047
83861.3614879
78980.0855314
79198.74274
87336.3691503
88175.6437783
76534.9179213
78544.0446287
88263.0516443
79988.0763463
86422.7755581
85692.6315034
83477.3892835
87484.081888
85250.1019513
99437.2756168
100577.386359
85824.1672171
85107.6885996
87673.0319143
116171.138807
85228.8001265
94738.6500601
88983.9272097
84878.7464427
92436.7694973
103814.179325
87453.1664421
91760.0320648
92052.7508798
81533.7304398
82868.6049272
80231.0234637
75296.7186582
85616.0180687
78882.9843377
81798.4808844
77323.0810097
86226.6378509
77125.1508593
89113.2202399
83362.1149353
96656.306986
85399.7789099
86190.9803589
79129.8808148
81126.911639
86592.8047407
87971.8219603
77654.817535
90208.4536883
100246.188555
90967.7373876
88468.6610518
76958.4719927
80694.1590483
88120.1021489
86973.5037298
88553.06542
81612.821544
85147.1614226
94957.0832235
88148.3267134
81397.952403
98224.7877355
79936.6474618
92462.6753685
78204.7737046
84485.9943867
86108.2792075
99527.1540322
89827.7783706
81125.4453356
89520.1704292
83073.0297024
88032.5726551
93662.8575243
95360.7494371
100843.691162
76877.6905236
98173.8409645
86583.7281933
84569.8880423
78570.6639881
82163.5336316
91058.4680865
79547.3780658
84058.3556185
83080.5509157
79326.0318717
82381.1092801
78472.948053
97255.0731669
101845.946087
99905.993397
94136.7954819
84279.1968279
86120.1222869
88970.1416475
101015.487698
80977.959202
83375.898258
83096.2956081
77222.0530458
91163.3605959
78049.3407217
83278.9541637
92694.9102515
83759.046183
88592.1416753
87881.0747814
89859.5280975
102135.1015
94821.3737776
90165.7247882
81007.637154
87124.3564843
86730.374169
82277.8698912
85397.2365333
94275.9300397
93003.0740083
92448.276247
91807.9312748
84693.0760125
84490.9100076
92205.4726953
80719.0127596
86434.6812811
101005.452892
78869.8941977
83987.4244395
82350.8801192
86813.7564386
86997.3428865
89297.8789546
79388.5571149
97521.2893918
90050.4214354
79659.2472495
91781.9780999
86784.098078
75694.5071087
86985.3634586
75516.4115136
86339.7023075
86971.3133063
81537.0200773
80218.0286926
103838.531932
75272.3100434
88175.4050331
87664.6652824
86137.3632767
81355.9117716
85265.6745701
105931.131995
79535.2809221
83612.1787496
82000.9749869
84040.4470291
101753.25108
83939.1340229
83876.2588669
85402.7655463
84825.2838623
92943.3311015
86716.5974381
76800.7980893
82354.668212
79654.3590799
76177.7323919
93004.3932879
77396.8285799
84136.2285006
92789.9328538
88200.686774
88450.8779235
92018.5633553
91486.7826006
100591.836403
98635.0197284
94560.8469723
78228.5543472
81202.8435468
81889.5802457
80577.0709786
77202.5881442
94447.5728513
82203.801865
81624.0082633
80715.9919737
74353.6019917
100879.514192
80869.1565645
78862.8953993
79645.9533945
84527.9037881
87466.0431829
91759.3241876
92884.1528493
96917.1329417
88577.8395968
77991.2133603
101239.505549
79226.3387135
77932.6818295
89892.3961116
77566.7295469
78856.213858
85924.6817965
93614.952536
81088.8906315
84261.9646194
84881.6835292
86476.2934035
76518.0205632
80841.484138
88624.4101886
89352.6979245
100298.020441
96000.2628101
84547.8480847
81247.1661798
85490.4075889
85245.9637174
113969.002415
93713.7912068
88522.0949291
103980.125242
88042.0826464
95122.4631614
92647.3315018
86882.5661685
97211.1874705
84531.6788319
78533.7726724
83983.9226619
78685.8335855
84737.6892334
83278.4549789
88669.7880679
81290.0986511
78614.5371161
83093.9236902
80238.0169349
84810.4806479
88589.923717
77883.1903226
97729.0474038
85219.7961698
76450.9993678
83182.8118245
90837.3537398
81871.2649216
84952.2650623
86658.7850983
100193.256632
83363.4676176
90197.8260295
102598.504172
84253.18535
80837.0905617
78072.0812736
95672.2704018
90797.6409103
92423.1403195
84017.7430804
91981.2470281
88417.9289587
79171.0807082
97514.5066229
95104.0023305
93174.5622398
87878.4095472
76681.341446
82319.8353111
102802.778212
94974.6351804
88817.6630802
91925.2978724
81914.6435935
86883.6805855
76179.2882521
79991.8191908
86734.025584
95304.0275478
98541.0116747
84743.0664301
77866.1273391
90151.7902676
79194.6663888
79779.2536687
80033.2298596
99212.5353758
83530.1080568
88530.1862097
86191.3860411
81010.9191281
91762.4759693
77474.6244718
96641.8240995
84431.1940606
113104.815617
79875.4781215
98058.1312989
88766.7567563
79957.6448421
89965.1353003
88159.2183961
81592.9770115
78336.5180214
89814.8854277
102668.389542
85118.8816869
87476.6594856
80573.793499
96005.3408396
78201.6936751
89748.4678754
90238.6649276
86497.1997279
90388.2548674
81825.7537088
75056.8677101
79357.917035
108831.724361
75092.6598375
87895.8326221
87591.6634296
92596.2059551
85529.9371367
93130.9119519
77391.7860902
88037.5662445
75586.1762453
93071.5549687
88779.5154244
78848.0779769
84525.5090965
82587.4019332
91507.6489999
82152.5603019
87444.8869461
86208.8946157
85950.9418266
84654.7456766
78178.6530005
88305.9851534
82680.6892955
79319.985038
83525.6034516
101957.13487
101833.521292
77525.0866874
85238.8624258
93016.1769984
80741.9046524
85869.4057154
92111.3790487
83776.1003477
80044.2113053
83664.460548
81598.0723823
80622.3627742
75718.7378736
77838.010086
79626.7066124
85004.9277354
91656.6029504
94930.786296
81906.6301561
91180.8952748
98074.9040694
93568.3329255
102634.527472
84959.0314874
75714.8774859
98762.879736
94908.0873951
81872.2975676
83817.5118209
84583.8963986
85733.8834018
103393.129478
87560.5115066
78676.3482708
83641.9257237
90218.006373
93128.7846825
82969.7402747
86539.0803678
90247.2675482
87140.3520437
82246.6136463
78675.371197
96531.848148
79854.8722982
91921.2710325
85988.7896084
81060.9023256
90940.9385528
81670.0061037
115400.352288
83266.335076
76085.0729872
83961.3689898
86489.9228325
85281.6977419
79507.6045038
78148.5601211
83410.7057166
83118.7581235
88775.3914534
80537.1872609
85465.7302296
76319.3132917
86010.7130276
85638.4943795
87017.1193228
82496.5273265
89668.1842061
81479.2853008
73212.4403278
96202.6661217
82794.1604561
79084.4372738
85320.2511887
98766.6204286
100991.417252
83893.7120273
86967.6651831
99119.0425041
92591.1896903
92859.719317
88710.6801626
85264.9280875
119744.398708
80154.2520354
101094.491682
82232.3353404
87106.9742005
92137.7247131
86747.8964925
86126.1089342
84351.5119669
84253.6575423
92203.689536
77092.1359519
78591.3036388
90547.3090982
85022.9814266
84586.3092921
89793.4221961
81382.5956002
83760.4746498
92653.5072947
84087.4238639
91982.7989452
81998.4953235
79200.1170745
83459.3095759
76995.2402646
84833.7401627
76946.1700049
79002.73318
87957.6209141
89087.4079166
86079.00982
90230.3072724
92265.5169169
87557.1489063
84531.8974337
91926.6135593
81338.2144742
78975.2997918
82398.9596004
83634.7038043
93340.7176126
78516.6102252
90220.7578326
94517.9280119
97706.7098578
90973.6945256
85639.5387034
89248.5850365
81441.229293
84346.3597516
95167.6069223
93306.2221176
84046.3365314
97496.1724188
82786.3293089
89654.7288926
75257.2011625
91753.0783408
99825.46155
80590.119638
97351.8341997
87085.884475
86688.558553
88409.7916248
88605.8593445
87297.4639573
84145.1499394
80006.2904581
76697.9378289
83717.0330076
94838.9546377
82893.1889496
87964.3726851
91619.0971928
96453.4545109
76355.9029674
87509.9209157
94415.2844369
90894.7212523
85422.7581283
112647.106747
90898.5720225
89842.0889314
82931.9919416
92528.648709
90718.8382263
85282.1566886
87394.2012566
85897.5882668
75177.9708365
79429.8118856
85152.8264928
93677.7331248
78337.0950392
107451.514839
96500.8259734
79713.9010009
80702.4113387
85223.0599742
99627.7829558
86553.5027375
96986.9152314
81869.7302799
104392.716346
79470.6574778
75881.1522269
102745.350208
84605.4022398
97061.7038909
78475.8053161
82874.5162146
91836.53717
93605.5084996
89718.1581885
79142.7610874
74682.4048997
84146.5559292
95352.3111668
81688.5520264
79100.006408
83258.543116
81268.3818809
94459.4807922
87673.8587127
83088.3336174
90632.2841806
92375.3701634
83753.8450462
103935.982325
110982.621521
85040.0582325
97414.2984985
87655.2764406
97903.3125018
83188.1369748
80659.9024512
76959.4091727
102758.010735
86805.6430646
96016.0474134
74028.8482674
87545.106101
90409.9031663
85504.8192768
84653.5408209
81834.6353052
87380.1143196
97408.6937042
102687.833167
100217.531728
103177.745839
81799.3488113
94829.9106642
84598.7935242
79500.0668161
100204.168054
75955.0438868
99426.3942763
92946.3831425
93859.795639
84831.423885
84421.7192762
89538.0200898
85113.1798268
83799.8690827
100205.386885
79949.9889787
93285.3067106
77196.3010289
84369.446197
86963.7517062
82533.9252762
96864.4676426
95004.5844217
84160.0681711
78554.2815675
82046.3249095
86203.2418518
83134.0909816
82660.6686329
92638.240872
86144.991424
83972.9344361
84007.6966802
92614.2870739
82906.8803921
76380.9193947
87339.8999934
90682.6292821
90301.6923566
91470.5874183
81558.1361659
76162.1210648
89462.0290336
85943.4958228
82148.0807698
81952.3497066
86310.0196461
89939.4339969
94256.6836418
87496.9059305
96877.1607421
100646.590542
89069.9201944
75409.4424672
82201.7293475
85660.781417
89780.4227828
86024.0842372
81331.3631464
83971.5157546
96453.7491659
90226.2626408
83397.7384817
84576.9556745
78607.6380082
86550.3458525
90559.0924622
83081.5765273
78707.4612308
80697.9437524
92020.3277098
92021.7047102
79476.5937118
83775.3734201
87285.7033662
95934.0296436
84841.7140184
100850.499912
85447.3144457
86537.8087476
81539.9177338
87361.5913233
102058.998038
82376.2987788
87845.5948491
74998.0492454
93734.0135064
88330.3328148
75758.338986
85587.6164009
87353.9444483
77909.5795721
86972.2049474
82547.3928753
83035.6781317
84065.1246845
81083.6059825
87078.9678961
88974.9196858
88182.7200293
81053.1201143
104604.117425
81078.2096885
77562.1307313
78361.7903374
112246.664267
78892.0154507
84150.7900057
75703.9666393
79468.5673722
97140.4822822
80950.0565853
86344.4624573
100932.362218
106509.658686
92311.9141665
87205.0167735
77996.2147921
81528.7075991
83415.8161035
94208.2730981
84350.9930879
89264.2820849
91190.2324796
89978.0602367
89609.2649087
87690.1657586
80115.5560748
94423.8478749
80163.4381339
84864.6128707
105692.623397
97556.6373021
98454.1636504
89012.9266898
86385.335312
97455.4793042
90913.2757457
72721.2900144
111767.260948
95860.5201928
89031.3146663
103141.558226
92351.8194807
88972.4827868
86950.6358321
93204.5271071
78740.5439461
87629.4759038
84004.4281542
82515.7552926
82953.8256254
96628.5776586
95916.6356535
94716.1234183
93110.2538344
88393.0591021
101132.195432
79941.3581474
90947.332283
82790.9915186
94906.0119769
94328.0072011
86776.5630958
81834.9010721
85214.8711943
85706.8803812
84019.0232871
88660.7127549
92187.4871549
90551.0939814
90157.1806691
86300.9502645
111294.773168
75428.1086373
90720.8764725
83671.0590637
89931.2125128
81366.1919793
88480.6114363
80110.9004985
99411.0843932
88785.9643395
76687.778643
87653.9075244
78876.7210778
90624.41484
85157.2808694
83806.6557501
87114.9748881
98751.2167989
88777.5364209
79419.0998923
84209.0911989
86351.5132563
86968.3402047
92298.3617643
91484.4724443
80511.1915079
81395.056734
79508.7601673
82066.875822
93563.90371
81097.5748818
83222.7949956
84234.7485991
103915.338505
85985.3425505
88797.7904835
81609.7567371
83807.0540652
84295.9912556
101633.816879
74231.9604927
79997.5638487
87833.4750979
88105.9581936
88387.3532979
86427.1549983
76998.0480361
82505.47504
84791.4359865
86984.3024148
94335.0378301
78621.2767679
81004.6405752
82996.0368828
92332.9915116
78120.612284
72575.3222326
95848.7288293
79671.8834391
95807.3186368
92286.482073
79934.0258304
75860.5806758
90705.7512273
80893.7836732
92191.9875913
80906.2174663
88297.1274271
108180.675155
98387.4971364
83710.1289842
75699.3997371
87712.0547312
90668.2786249
79554.0227635
81779.5399059
89876.0566795
88983.2064729
94932.2288445
79460.1208236
84407.4450095
86753.8729384
79137.3896511
87420.5421893
82460.4362159
89586.5528148
80429.6687596
90766.8523667
93285.3110822
85425.0461069
90940.5339878
83714.4344775
95195.0709808
113656.730414
79697.1354326
72816.3178337
79372.5426896
84641.7887252
79983.8594162
82055.6458834
88495.8739128
79814.2006698
93677.9133294
81578.4798494
83906.7066109
82486.6938368
80812.7733169
83561.5558386
88750.9524636
79213.9922482
87177.6517593
95811.381573
79354.5132918
83179.9514722
91627.4199516
81594.6227487
82967.276837
88427.1406537
98615.6269622
90848.4960024
84808.0216575
102082.003344
94060.9747998
95952.93583
88268.89396
90202.4018369
88348.2734741
85945.3964611
95898.9508366
82525.5815838
88185.1297139
87547.8206761
89833.620548
83508.9282557
81789.0009601
79471.118169
79001.9871904
82250.6080362
81263.2408318
87290.9452176
76446.4793172
84142.6323398
78912.329708
85120.4878367
92254.59794
83195.4117613
85769.1739672
80825.6929009
88042.204545
85906.8944248
82963.2456299
86872.6333421
101824.160051
74044.3825771
78130.2025003
84051.5652628
97991.4353065
85350.1436737
88816.8651679
92041.4675051
86402.7508988
92406.9055112
94836.3375409
84000.4319058
84799.4717212
95319.9426798
84416.0849102
84174.166672
79141.2678031
80389.9461159
83704.7414319
82128.1006718
83383.0343859
87151.7312977
107390.629486
88703.2472427
88429.6319322
79428.2576397
86618.2591538
83585.3804801
76935.165482
84237.0321486
81686.8603323
74908.9314577
94625.5367673
88661.6929566
108674.075755
98696.5139555
89970.4637818
94590.4746452
91399.7319925
84598.1176046
91395.6272376
73440.6278983
87918.8378357
86279.3700167
79452.7266922
76949.7837954
74741.6300216
91009.6390258
78895.4868291
95513.6633912
91161.2408396
86481.7097339
92570.8033379
85509.2941621
80910.7226941
83324.5652149
93051.7450352
85449.0208007
79760.5795209
76609.7793934
81876.4309665
94978.1266512
95220.5811265
87735.4374432
77450.1822595
90635.767292
80623.0283161
75752.2655742
83564.7496571
75109.2884977
82053.598815
83830.9707937
81456.9546056
88208.6892985
85688.4630081
84017.8629216
88731.0185876
92770.7441555
106428.831138
85237.2075866
81797.8187071
87533.5271742
75143.2688161
90775.669014
88116.0922706
94546.8209584
86729.3671094
108765.453993
88476.4424083
82065.5684947
79996.0874961
86292.8385643
89254.2522751
78542.6320665
96727.0372838
91373.9003227
95538.4177697
104683.727588
92645.1078607
89594.5188087
87134.1612839
103004.064628
82698.1799867
85883.4938114
83836.286125
105848.196526
90000.2237735
88226.3511275
90795.0952921
84593.7910192
96552.8374034
84642.5430069
89606.3650149
90975.1166623
90250.7776977
104046.59581
97681.5775368
82808.2377123
82815.7451574
92141.0362129
83768.3628194
87710.7004053
78979.8536519
89853.1217413
84558.7084197
99949.755792
86816.1629726
89969.0425682
82742.8967751
97013.9837602
79735.5863271
82981.1630151
94113.6716547
90844.4728213
81838.6256224
82855.3881944
84788.3282887
91615.4262912
83343.227114
117728.728721
87352.995182
93748.1150287
87130.5046391
80551.6794929
76043.0051677
87894.648578
76952.3282837
86826.9592944
95149.877076
78708.8618354
85410.223753
102670.142031
88958.2210064
84662.5102578
75491.9969972
94631.7036924
92825.6277955
76302.5749312
82447.3030219
81778.0946348
82369.2111358
100111.927833
75616.3322658
94178.5110646
87547.976993
87089.7841456
89744.3597022
93344.5955012
97940.9418082
113470.265149
84577.1507905
87279.6367963
85035.5030987
79987.360069
78229.6474954
85523.0806151
99279.0219486
86365.2940726
79706.7727771
88895.6706522
83886.5016685
84561.8498598
92452.5784227
83632.8280767
85538.7707181
83711.1226104
88504.9095914
86063.4370129
94017.7364613
95746.049095
83449.1932811
81884.9109874
82356.2053322
79317.0872799
85429.9452302
96204.1258662
91980.1660024
96536.5265985
82844.9697409
97824.6780096
83481.2179564
83343.2591809
81920.9836615
80026.4710339
87414.1411235
86121.6418364
83267.7289991
88963.3733059
92101.0426244
97413.2939601
86404.0730653
80466.9162289
79709.5018679
87222.2772646
87148.3736423
86068.8474248
85708.9626356
74024.7827837
83859.1144176
74937.734193
82528.7838729
94678.224491
80434.4966996
89084.2323583
86404.0363892
91183.7198677
84980.7079288
89772.8067448
84323.4043432
91291.8597643
99812.0814833
94377.7749612
79613.9019704
90744.7975092
79402.3107737
82331.5194203
87961.4366219
78653.9224287
85763.6433384
82317.0226042
73524.6257637
86539.1019202
84165.2684423
87828.7601847
79706.9439123
88746.3949608
77718.4035105
99824.0756324
85832.5309974
108079.187952
108686.417713
78634.870569
86209.3960747
80559.1973057
77841.8033419
81071.1409082
77556.8772528
78725.2801243
88817.9386713
84311.0337155
88377.7864172
91488.9879833
79371.2738609
75887.1476178
78769.984144
89199.486184
80412.2110454
91257.4448078
82491.9452407
87574.6041292
87283.317751
90769.1499727
78735.6480983
84820.8883481
90624.9959886
84249.5568378
96736.9018742
79312.4940517
79614.8788258
87374.4417013
81944.2908588
80737.0263609
86636.1295784
83261.7078025
84266.1981335
107246.943682
93204.3644934
92958.2916074
80250.4809691
86859.4786424
85695.7093869
83787.0532477
83694.5764432
74275.6930419
85086.769111
89831.4455953
81611.8792856
91756.1436771
123405.821864
85972.8268341
80963.4092002
91707.9121537
77320.3386459
79850.8076601
90354.6435554
79216.1721434
86332.2726199
78646.7911078
82598.2037104
80498.0887428
84241.6585184
75671.7814198
89965.0703601
78292.3332303
90714.0683037
82078.0671851
85219.2918304
85236.562581
94843.1984542
82450.1884639
88561.7761546
76522.1662062
95390.6036211
89483.5403394
95467.579238
83587.3055221
76979.9100911
79484.2949741
95686.4457304
93638.1220325
82821.9848443
89266.4401618
92030.9935742
80788.8641705
102793.274689
87042.370343
74584.4453874
104350.447429
76924.9862014
81425.3747553
91476.1445764
75131.5364527
79639.3985616
85288.883639
90095.3379553
92218.2219278
86452.1034338
78518.3268517
74187.0074831
87564.3670594
80082.675402
103861.320185
83538.1671202
90744.7507611
89392.8801788
77487.5623456
91416.9624735
89787.0553957
82563.1696218
86832.7232147
88687.2302558
85757.1552473
95075.0536325
87469.2567852
89157.503055
83882.0557138
83382.6437521
86808.0176479
89884.9693661
104849.43333
80417.7119233
87353.818252
81239.3905553
80871.2955469
79575.5911294
84722.4800727
82514.6178012
84657.3521635
91696.0778214
88757.936379
80273.8155486
98641.703347
88408.2203798
82529.6632158
98178.9470752
93277.6601524
87737.1857522
80705.5355971
107646.448735
82804.0259051
101461.774272
88851.9170492
89930.6936253
87897.8789294
91328.1407261
81934.9050548
79432.9444464
88580.0042515
87128.7736195
84605.9159863
92365.6125464
80900.5146549
92348.7906906
83222.4423865
83335.4261194
84869.7316248
86312.9788947
95469.4124596
87612.34797
84750.8133555
81240.1712209
81267.7041093
84120.6229326
100133.868523
94858.6707109
80583.2609599
82781.477105
90752.6651595
76629.9940847
87735.9438079
91143.5658259
97099.3167267
98657.5846418
87536.8169081
87706.1914184
98344.7439363
91435.5193688
85585.1449093
87103.8635818
91099.2304295
84942.2757696
88297.9025797
79394.7213261
79478.0970326
100380.220377
82969.1251647
82499.2834316
86741.0674176
105061.364803
95753.4943343
96175.0674185
85617.837699
80742.2306565
87701.305103
91837.9290747
87389.6368737
92855.5898903
90743.1942863
101591.746063
89262.2849079
86441.3074126
99888.5826317
78969.3957372
92636.8835652
88527.6340569
75875.4053441
85637.6156993
79230.7548913
78444.3913978
85247.6249688
89794.5696044
87078.8893715
80192.05493
80375.6202569
83316.2216258
77192.6794329
82571.2731201
81987.3605724
103680.434716
99100.5840027
83209.6402857
91690.141784
86890.9526067
93229.5544487
82888.0471346
112129.872038
84723.0709263
74790.1698997
91836.2140315
78199.6301932
82142.8438125
88501.84285
91204.329182
94352.3683695
98138.1997137
86152.8229823
103872.259689
77913.0805087
89298.7604167
87903.5556478
78634.77729
91039.2112053
92064.0667624
79372.2034627
85341.6693464
78596.5733175
79631.7777831
92958.048089
89234.3464797
92025.3563715
88839.2580556
80657.7426259
86556.9588469
74121.9459708
91089.7620752
83684.7124433
83263.1595722
106384.052068
79162.3699547
82451.9232131
88372.1097457
90442.8585064
83026.9046721
84180.6933598
82818.9763715
95517.068421
87541.6488191
82651.1188762
82558.8254117
81509.3593606
79382.9790181
83916.912816
77517.7335717
84619.2870686
88631.2269875
77617.791648
76018.0975721
77185.3857
94304.3880038
95416.5651847
81597.419508
80274.054343
84428.6981236
89778.1846605
78517.8011821
81269.5818317
88819.8393584
79360.0631755
109160.35166
95751.6879998
92114.4843884
83274.3694759
87583.0947514
95575.1550438
105905.482497
114542.826033
83207.7399336
78553.4699347
108232.487578
90388.4009284
90515.4186542
81833.8986232
83483.8127312
91287.5321703
93477.844267
76150.3276467
95112.9373122
81188.6904196
74868.4019277
74626.088356
81336.750573
87244.7949035
85167.1276759
82082.8018185
94125.4144916
89384.0403941
84882.5294373
76289.5524632
87142.4863711
79296.5814905
117593.157255
108618.849656
79498.8829256
94084.7310522
88164.0172033
105580.579419
88215.9748006
92489.3968667
91962.9239207
74184.3125328
82732.8126784
88644.6621078
86711.4440628
82785.1615049
72717.1981822
91760.1848812
97153.7039362
83906.2069815
80079.4391175
81561.85034
82063.9246788
81971.2497021
78642.0493995
77951.1680705
108713.902926
80306.9909983
109064.719681
96186.9965675
89380.3466246
70771.6349118
76907.4404264
83418.0406575
92696.1675072
84017.3370436
87530.916484
93681.8307565
77459.1178665
91482.1404907
90118.2244855
82020.2156602
91266.4024593
76700.3701533
89610.7954299
95141.7508824
80137.7055632
94240.2928008
87784.5089806
80431.7342643
81474.5828159
79208.4094987
76933.5049135
81250.9740897
80853.7762427
82646.8526151
84292.9618003
79534.966746
78353.026417
100555.375582
88813.1212915
84667.2473483
87621.3654086
81377.6764038
82898.0921673
90898.397244
89645.0630421
89385.4765806
84471.1066653
82210.9437964
78547.4542859
75809.9836589
82762.285567
80223.9133007
86596.8388983
88355.2666915
96181.5133966
82420.5915966
81741.6119825
89608.4454958
85022.229592
83154.6676123
88878.4640434
78603.5229068
78588.5993088
103655.917573
86688.7357518
94574.305657
78256.6256398
91425.7751334
90803.4660851
82061.6502913
95831.5986247
82755.0195483
90406.2011242
86186.2190227
80867.0868285
92050.368414
93365.3221901
92757.6156076
94969.8371957
85725.0041604
90167.9906362
87303.7187333
83338.5651308
100320.010715
111164.53239
98822.110831
85464.5655797
81402.8517355
83351.1144318
100235.517684
88523.2331932
89017.4104198
88901.5662607
82455.2399119
90327.5933272
98748.0603525
92033.7970743
84707.4475034
83721.8492859
77482.4026133
85718.1802446
93077.4309131
92403.4638529
92779.5627984
85220.0995246
82926.3405552
79378.9824522
95793.362668
92863.4381295
102138.140095
88545.340409
94231.6251988
83484.0066008
93499.751889
95643.6307072
86226.4152166
82596.9342139
99621.353886
81156.0973783
81756.0893202
81115.9484041
91471.0270766
100212.663025
84575.4092473
79999.8149345
80138.0860963
76982.3983886
83154.3775664
83771.1085819
87036.0701862
91760.6322387
79526.5630346
86963.0098739
93955.8602229
93886.7850066
90236.3485671
79037.4248982
76595.9019524
87810.1241659
89521.0130506
80057.6484668
89168.4359637
90474.7796725
87598.634846
96260.1354146
85097.4663569
92961.9484607
87464.551676
79914.3149078
89912.5410211
80464.1579745
80765.3630472
78545.2913444
91698.1700702
86391.5100385
83042.1317991
93349.2193637
86012.3398676
86124.2521857
105869.671459
96250.8753077
87045.4965766
87883.4274201
85639.5586384
98773.8797562
91652.1180169
85031.6860026
89289.6650861
88277.606346
80077.1119872
84980.8249012
87594.5107063
88571.4218447
87798.757078
103916.688727
78429.0565243
85370.0991326
80669.4813862
