181827.152937
148100.040535
158438.294859
178696.682672
164711.016952
163192.237912
161128.634028
186990.226415
159839.962955
148509.395202
163378.081549
155581.826054
139962.220593
146151.972752
151043.844893
168578.164853
154737.47474
166678.682683
195807.962979
160299.400166
171763.866133
174670.950187
173522.865535
155543.442364
150330.025429
180996.308155
195844.579341
151959.877206
196566.727009
140137.965545
193332.889755
150964.430105
152281.790647
155865.02188
163891.748585
153490.922241
152755.107386
181440.413489
154811.235611
173978.019465
148376.725687
156198.775105
184327.159542
141308.614991
153942.378361
163297.543579
150931.57931
156871.182897
144828.535081
170691.044467
176109.19868
168726.053925
156807.462093
226751.778463
160701.502143
140734.535582
145719.814421
159933.305686
160728.538008
167964.022566
152484.927808
177451.313524
211345.024634
151094.111147
147470.495082
150568.25983
151689.260059
187419.756482
184928.336254
157650.575014
176658.334534
174444.932406
144077.175256
179807.573978
172360.010614
176017.578788
152656.45785
151760.643721
151967.718178
169372.05476
147652.174263
175444.762122
178043.274229
174938.563897
161123.926157
188958.69671
204735.9171
173671.561656
146972.6728
170000.534771
178602.150505
176061.732499
172406.456341
212745.955746
152751.33259
183019.991559
160399.833158
136907.787813
169479.476976
141149.199468
187776.068267
190817.351965
162525.331045
159386.311785
197423.608674
154393.089562
181012.81001
169638.969465
178764.702764
151808.518885
196154.507174
155182.649476
167299.250999
155492.284541
145655.827338
210577.786959
208723.548081
155375.630548
155470.575262
137146.827946
174405.451209
188931.148999
187261.886257
149856.809661
142569.05355
165842.076892
171495.559637
144820.12044
219141.810639
149497.699549
140729.847895
202209.180915
146932.887018
149966.007276
191363.856498
209223.320258
183737.224857
188355.274578
165321.471617
165586.186264
160675.001735
175500.905683
138888.967384
192448.684462
157421.71156
131783.064793
164194.748303
187224.925229
177538.242291
153052.211572
153240.207183
170973.600596
168408.446587
224327.951619
163668.00924
176389.42987
151430.38272
155505.288116
150235.150612
149697.94788
154039.192447
168924.983469
164482.842099
160819.968116
148993.837329
169196.933729
142753.383587
156157.442726
141005.015599
157599.356273
172989.025493
201452.386685
158030.64951
149196.605235
156426.313088
171034.926468
173022.700213
140961.837612
159052.415916
162501.711538
167984.308126
149511.440147
164799.820233
177588.819396
165731.027269
178648.271201
142432.026882
164151.194177
144758.726217
175675.978603
148367.672389
202601.863954
154002.461453
143133.689128
141692.009454
188280.279615
168317.093007
170699.986168
181321.144472
163430.705218
179264.380624
141829.344293
156374.065942
152849.102686
163787.736399
226842.455617
138815.27364
154488.233463
166925.243888
177261.428038
201270.206325
146982.838071
142175.719472
157439.933777
153215.700762
185265.454927
186054.756342
155111.949644
184745.218941
185407.454583
148913.7347
192612.94908
190453.085907
175512.823931
193653.802475
148376.092492
149120.94688
173485.12784
150514.003508
174290.712975
204420.815117
148635.040018
148028.985175
144917.679446
145380.000692
150647.230003
152235.116515
157662.331002
177152.202731
177205.242679
143548.443763
167960.180826
156693.478268
153211.738542
195580.784563
149244.935835
145866.446408
165498.108883
171496.353317
147711.436145
161523.974411
149431.226173
157604.346567
151302.684421
155106.155239
190805.669439
171433.422501
152759.592054
173701.811582
188634.504443
162724.590095
161513.262387
148662.657966
154244.422273
164095.795025
182354.546841
169397.874399
219018.222106
174460.71568
172664.64787
183379.898238
199336.205832
142366.032866
139787.174967
137171.429651
160728.580133
165651.855844
157324.652133
170822.488069
165479.738059
188917.76277
218042.604455
146488.918505
153737.488127
188781.218475
186683.788995
148963.095111
147559.859242
147335.02196
155905.459868
168282.517885
204028.095592
141013.822267
150705.71201
147924.037174
165729.179862
187031.5473
154502.714756
160342.110969
155896.224099
163018.038533
144277.586647
182766.326177
170344.011925
144842.563927
169744.32087
158621.745887
181037.919075
129527.592091
160457.438049
161738.172278
153367.884064
174754.70704
184049.23029
188291.391553
173409.815898
149185.568011
175491.881912
151643.347889
168989.429716
210466.582168
198156.465919
258889.881622
166511.152106
149857.567103
152446.323045
160844.394056
143049.159072
151767.485724
177841.269615
173171.609706
187478.565371
149549.758719
146849.736386
149853.688872
148097.862201
156981.198782
159918.775475
151176.690085
170080.397984
166391.731933
174200.012744
201518.506027
139889.407945
263731.103443
161050.924941
166383.302409
175620.653746
194930.85165
178649.021094
151399.768347
159265.346635
151200.083432
148566.15368
195074.951609
192071.559023
155538.880303
165358.584232
171800.801909
160392.710642
161801.008547
165833.368903
185109.064828
153684.272324
150467.031397
145610.44679
167096.543479
159483.626607
202429.739596
150288.835523
164307.481514
169950.914043
144070.968936
160641.331967
179452.872152
145145.987938
164947.429897
153749.341446
177905.630872
172979.721896
188155.491904
146358.7687
204619.241831
172393.745096
160568.225786
156826.907899
169349.70813
161188.802941
182506.717272
147904.083657
159129.023126
192588.979977
206884.502342
156002.751758
166139.746864
158861.637318
162388.754904
161397.368621
146999.101536
159417.35917
152608.595507
200345.325186
190200.871398
154458.130288
137940.179176
192492.271867
161505.938609
171511.394805
184314.060784
169996.132869
166497.311541
198517.39686
188003.778443
176333.997251
171570.694933
160433.574645
175996.328654
162783.853767
148515.507206
158245.507312
152845.721492
130358.318067
189056.02504
188275.759649
171665.135584
164212.932813
175282.567024
185082.073523
192338.519027
150937.399464
149327.32452
199906.920938
180516.826351
197270.853398
152732.520138
162743.87656
219634.782318
153942.669453
143860.446606
157751.927448
194203.746005
166400.044342
172245.80052
175885.536818
150652.283329
156568.25588
156549.774893
147435.362421
160478.911226
182123.17535
163415.7325
139442.303106
201160.626741
168635.964608
189820.147987
134830.617519
147536.966722
164615.399353
185446.952565
172129.514274
141984.428957
154287.244143
153225.644405
158664.284001
159902.123879
203645.463788
133200.569872
170773.072966
189180.537859
171892.555722
179046.660184
151442.622271
207524.494628
175849.652291
165343.09343
212502.782487
191340.464839
192150.300591
150359.517802
162802.386875
173402.052116
171842.0575
194463.049598
197523.381036
155347.044428
161305.603562
149760.629926
163774.573768
160744.425748
190647.216153
156977.045309
145496.591174
195525.275477
196167.696007
170697.959431
166431.194998
164474.570609
163086.349947
160081.138505
138534.7699
162224.325039
146024.563426
165312.37855
157486.694095
161987.75459
156609.633609
184176.340953
212191.045544
185288.602069
145978.878921
150605.445754
146432.292289
155622.645025
182166.811274
144137.758778
165817.212569
140548.418477
180455.830953
154908.451029
173015.872823
198562.841437
164194.419004
190778.897814
167594.669276
173617.641503
152446.834884
193329.215301
178477.474318
149057.015061
152839.576442
264439.159184
162817.14987
202998.876464
141547.800785
155123.765503
150603.685883
206536.747389
156349.962692
160661.342877
185278.632924
144021.068938
164105.166159
213491.438345
183443.074078
164018.97185
183279.118248
163169.514996
155924.042355
178192.080043
157678.326018
150319.547165
157902.847601
203816.679742
165163.703981
172750.577503
178936.515679
167903.863286
200928.392554
164035.225652
152567.106139
161840.402471
164457.930526
175259.367485
164628.164905
169304.238458
168455.47128
158799.073909
143226.039
200543.979146
153442.991865
196411.69661
199362.911734
167725.496472
172327.000378
174498.011283
157598.47981
168197.134756
162309.648555
151438.169153
155780.713795
146861.067495
168133.949303
161708.644769
174357.570947
142532.2513
160474.425911
166646.541277
170518.767581
173241.513416
148021.590147
162840.224859
184527.362631
165030.650838
182746.377513
157463.405964
152128.094334
158790.926125
162301.964438
189383.305257
153360.159869
183898.38973
168886.601993
145886.958594
209618.900562
169008.415301
175886.447862
229327.706741
138609.899371
198815.520117
161888.667753
178586.356224
157986.845122
169546.946833
145088.794724
131542.35014
180844.480671
166654.508773
167896.145243
151438.820337
170088.928431
140012.172926
182047.554066
167248.667074
150974.219606
159262.601176
146810.172941
146624.933597
163405.91551
163377.101953
165297.677052
185502.379243
162202.596753
170150.929954
156517.737428
164387.652052
249011.397794
144277.11466
146704.036263
216635.774163
162975.138017
151807.691844
193734.869823
160601.425543
201960.999395
191744.905165
196679.484823
192051.310327
159767.880134
142379.140685
166276.559931
159331.578166
161784.106088
207544.122414
151839.1963
164623.663177
149262.470703
171327.129389
162941.21057
155370.157923
169705.266378
171082.112208
150457.214848
157071.223812
158307.39562
150388.435561
150622.104936
178603.018002
168548.141488
177084.056089
160886.301744
151711.316194
228102.419421
180966.348685
184149.193421
159406.152229
148962.61329
201702.422435
195136.364963
168090.514151
173138.703289
145516.045341
147345.186533
157494.677556
189416.185307
143223.547333
176796.279621
151843.319421
172661.964207
145799.000694
151351.825561
158871.255923
155159.358482
167842.48653
192140.465093
162395.302278
163254.747521
204775.089674
151504.793131
187555.197027
153066.328431
171253.117702
177771.774206
164818.417544
140619.554704
151928.6577
182872.407922
180755.388226
177665.455576
163888.62132
156788.738403
153651.114944
135554.672565
151318.916511
147840.270762
180545.033157
181950.849493
216550.82761
146898.039098
165025.787684
145172.990737
153914.86069
162186.746132
174062.463014
187386.070889
140946.144053
184779.930155
148570.866834
174541.749617
165342.679264
145705.592377
182093.933381
141394.28849
201947.162853
164118.203628
152332.204201
148690.828694
145641.872807
170252.569435
154199.373523
173868.816879
170801.655345
170284.753878
212406.962755
153102.435886
174434.296364
134014.416687
188130.543567
158664.46068
205381.568787
161689.152383
134830.049441
146942.690276
192442.606632
163473.551149
156738.046334
169100.961902
160168.619265
193450.878796
170273.90843
160113.594391
144251.493754
187904.200728
169628.79816
151305.493353
188771.127979
182123.081519
159379.780671
183543.98065
167035.286733
154557.808014
163228.782827
182654.35062
137460.841438
181745.559864
166861.198514
153849.900741
146790.994548
156897.481257
187639.786914
158288.695642
145705.337082
172831.595236
162254.68474
182899.703825
157190.848721
157249.730289
161145.538194
177695.599537
168069.650291
152263.060435
185682.824823
168725.518352
141197.69114
151187.687108
156367.576145
157694.066097
194956.044007
174519.278873
160252.506436
200234.300149
154496.725499
153392.912404
163898.482211
153715.980434
163022.756896
162330.331966
177921.993867
158487.441247
156421.824535
176355.120176
167962.144
176566.175587
154762.673112
164930.683866
190895.285183
160832.302238
188604.857838
193167.222641
167451.631073
166125.991781
145716.273314
161141.602094
171414.617457
156487.192446
201474.051764
159999.174521
152658.464276
175016.591171
165770.417756
157228.619544
158685.717109
154771.161438
169691.173167
164316.155239
150888.66864
162312.256223
151844.292804
145593.644986
165016.003467
157416.1172
161415.651526
161462.678472
165384.04134
163578.955426
176617.750052
174087.439488
184065.266455
166487.516527
175484.794654
163709.242829
189802.352826
147267.778924
176473.028934
155818.608945
168681.220699
179820.167669
157568.269749
166360.528823
170061.536665
195442.339845
179304.049079
155777.613697
145505.465369
166211.786226
142774.706777
140419.688992
162171.913894
170747.411979
165445.759459
182904.970394
180037.967974
168801.200228
158729.667816
179986.157901
145873.986881
170074.576471
168572.007777
168256.17572
192754.94481
172890.231013
165072.936765
164937.771297
162655.30718
164785.003325
188456.956591
164058.995084
229124.979402
162707.944293
143454.416606
168684.470848
158381.623483
156165.083755
156224.382634
152044.435911
178430.27612
196007.736821
159631.785959
162332.479543
173658.244583
149981.723772
187504.000189
165451.172526
187076.08655
145409.762378
139387.646574
161671.527053
144253.158177
156147.439985
206772.751744
200370.991448
166809.568383
187904.642997
176408.46051
148819.640782
169059.247618
159231.970665
167136.494775
162159.34698
158018.60042
158139.057661
201154.761106
187764.269357
176628.203766
174950.848923
200842.045242
143879.758569
222420.179775
157154.288786
186747.51427
192490.77849
166551.554247
179418.523863
149626.059812
154023.555019
170069.770424
158650.658965
150909.86621
158986.188146
169607.083798
160427.380042
148279.736548
166091.917606
150650.328041
140862.880819
146663.107153
169589.436576
170482.931055
193175.19656
150151.497822
171092.600357
155267.563246
171811.192503
143338.815561
154403.798327
165394.301261
167290.898411
172419.967212
206961.478124
147687.288345
184661.690919
167734.012219
149159.287635
154276.175116
215388.614169
178533.474735
155254.681311
149662.264815
190730.129206
175109.122267
184573.190243
173304.741295
153215.858808
186749.006231
136092.158251
197481.341044
167148.776571
217696.728746
184875.803707
145652.626852
167147.748307
188185.361108
186544.322819
167124.123538
141829.535112
165134.807788
159743.169519
180725.641722
157013.397203
186930.055638
194075.590866
208385.916061
178298.080657
154092.723671
176078.691361
154976.935713
154425.999767
145658.962726
150674.058632
191385.410231
154627.493662
186291.119169
182177.070382
165777.531833
173486.744143
157798.069245
155029.424775
176044.709171
157611.354507
152734.0588
187766.456998
173626.869356
201008.393845
155047.445023
147008.016305
196278.472308
176815.083457
157613.848972
168962.658342
170693.999523
174804.089112
167169.373026
154395.800296
168041.05308
158505.942876
177530.499883
176881.250243
182042.812932
170300.787331
146430.444865
164629.248033
177688.500172
179464.614425
173099.99162
190486.113406
147362.263343
157211.711657
159359.186078
157582.857154
198725.281834
218717.613595
148281.304343
179229.689063
160387.951612
159669.137572
154083.396489
184203.591419
144187.369671
148697.46056
151022.062189
205546.465759
213850.146061
155179.947672
166327.97176
208114.829361
136844.237828
159688.084946
152872.995858
176577.964102
176339.309655
150505.615018
167554.588782
143334.213372
175135.972224
239763.092228
140351.714018
160656.857918
164741.990782
149661.653841
203272.588945
183687.556864
147758.286541
149726.722015
163346.141486
169644.985368
164813.328338
162203.060252
160128.295616
168491.743939
163349.492065
138665.562818
185622.271973
153493.847673
185512.809934
218234.17708
160599.402359
185243.793185
163738.766304
174059.411178
154733.652157
169332.99869
185648.127344
147252.617791
153583.548252
154593.07983
159726.848991
151620.85045
160503.213196
195702.415407
163094.810144
176556.881181
152713.615453
165804.425684
150551.327913
186695.396579
157208.891773
172365.986672
198243.240637
160055.972205
164569.50917
175261.350694
173706.561575
191935.753138
148856.802302
153848.925115
152981.602646
168810.018741
174339.410164
172872.200701
146268.215117
213648.63603
160518.121135
164898.33654
164577.619178
176336.642932
163950.891077
215878.176364
163015.552379
171515.205504
179234.966405
149233.958467
171830.100966
170169.564582
162395.729544
222089.416508
145466.243872
185122.428039
196349.010147
204816.409106
166587.118982
184694.761247
156314.727212
170612.79372
150389.415095
143160.983729
167846.758181
161288.77241
159348.005723
161221.790496
196434.495953
161191.792538
142487.029757
161452.251865
155805.539584
162607.275717
139793.149827
166377.84763
158779.055704
164958.775632
172660.155717
170719.717675
185408.778771
220930.688393
173688.678305
164602.977204
161269.111314
174142.897263
179594.159442
212615.440133
196628.174645
142517.760036
148339.482014
162308.078304
193517.713421
145263.593613
169157.982018
191238.646532
206397.549449
173516.252991
157978.058206
173945.084914
147132.975855
146991.575029
158848.807331
147415.101158
151748.085102
188374.047626
168030.398695
217909.609457
163354.091701
178413.39522
224701.542221
158248.951842
163326.970533
155551.021366
164270.354232
158593.489324
163204.543969
161167.041692
166110.807336
172706.809247
165157.971059
190075.334601
167700.122458
208873.075493
150112.056622
157360.799057
173108.754593
174415.93499
173271.352975
155080.74755
178544.295214
145511.769185
161030.256831
158033.482358
172315.966581
169314.618609
157589.430252
161185.254019
161408.967155
182917.924337
152424.020083
149739.833922
178884.74196
151019.897122
176293.98825
156361.58613
177215.227821
141029.369865
198839.910592
157298.36479
179036.425052
188438.956768
197162.183235
183747.330692
178536.572715
149204.331314
165991.476236
146625.440358
170449.093701
162822.31792
167587.690376
160545.306772
152602.449389
149969.936245
192759.913452
155408.637729
151119.387313
193462.101482
174742.700512
152434.563878
159517.854522
152925.74079
173094.221231
174349.979696
161907.900845
165488.981995
158660.435627
142300.664245
212578.592135
164624.111059
160242.853345
205100.90301
160627.551377
157068.415726
158926.534347
205755.332297
191709.508182
159907.115144
167276.657227
148019.747425
175032.532861
164650.029144
167400.937804
190711.007253
157290.458757
175150.060923
138643.110013
168043.771108
163647.746359
145261.518472
155294.145576
162007.554701
150237.911147
165563.068227
213923.832513
161765.495834
159841.686224
159435.718602
147391.522638
144086.426568
160624.852337
154790.436039
159255.419942
204285.352139
192246.43333
226654.510546
188550.178596
196245.56545
153637.102528
154837.552047
165291.287946
144038.665557
158487.320137
171826.985409
192449.06736
143804.245418
187094.94031
164806.138358
153184.422575
154868.23521
170841.306649
154217.600827
151908.367648
157575.674198
171119.633251
154934.634157
181670.403654
147374.794851
151905.975908
149682.211994
200127.047916
154931.082952
149977.021486
168801.306655
190982.338814
167191.857133
155577.510647
153405.802324
192793.54217
152074.801974
170621.691564
180237.810846
209815.046993
145484.837457
160874.844493
162303.841684
157524.822507
169733.239059
149777.405055
156016.091862
154590.457098
160728.760816
164988.471688
219830.629889
197519.258841
213309.924609
194524.202252
209595.822023
183238.719284
163656.095592
149503.709129
157608.385656
172463.98174
220025.20406
176198.995646
157905.64422
152712.643317
158989.382575
178795.161312
188632.03868
180973.199129
201697.741502
155265.036242
156180.112083
153689.191247
171751.890126
148260.226996
145157.287159
166674.845705
142514.077632
172449.546579
169319.913189
160809.048026
151240.664182
158727.160385
173749.448587
164602.57382
167308.205512
161323.533957
175957.400673
168624.488464
170761.106279
162522.087956
158720.469302
161013.863928
161712.677925
147856.910546
165401.23758
158273.455097
164049.673041
160544.398316
156466.399285
187635.736465
149976.976844
149684.697763
175432.782435
166535.380299
197661.477725
145375.135842
146206.018436
155118.506641
167766.755609
148432.379724
175257.329488
160998.452611
173093.401436
148155.259867
142890.599759
206300.968491
148858.984008
178078.022361
150852.089789
140165.120009
216811.664318
231387.052695
158996.725966
185686.490842
228738.567103
156394.300838
173653.297133
146338.022459
171382.587756
163474.881641
155221.646017
211410.163764
157920.779034
170613.447294
157986.069881
147081.27473
153921.30459
171176.421891
145831.799654
159287.484408
153496.021031
178114.826921
159470.20624
167134.016399
172605.522084
185031.982101
160850.675495
150007.947256
183666.782911
246167.652954
172253.057865
171693.993533
162500.694357
143948.073868
182218.78308
163351.262032
155479.979095
210748.038444
169580.134048
170534.930255
187120.703659
173445.681216
144351.968336
143524.358262
162589.256924
143449.777847
139179.494834
178040.403164
167026.572625
208387.204842
147605.83257
154753.328966
153135.935435
169193.33777
198287.21053
146076.43995
186584.701765
138646.761337
186958.40373
188687.165343
135684.461019
149592.414539
158952.844895
172777.511069
137350.356731
133358.269546
164415.552665
196369.311583
174755.142425
176429.00304
147857.221915
148191.885247
184467.25437
157806.025975
154312.039194
165695.154338
152770.140711
150779.034935
151620.687895
164270.931484
182160.494107
197151.095327
186643.524295
192409.796393
225999.730192
154084.046909
178586.400713
178084.047794
179891.030169
159717.502803
154015.353742
171843.057599
143406.572967
183128.669256
170424.369222
156435.924199
189702.204577
145090.481145
171466.69432
173957.710439
211703.846816
193147.216782
143253.148218
182966.100433
150824.867727
170292.753061
160664.033088
192549.647458
140649.175994
165655.818569
193713.920555
163411.668454
155511.29668
162295.386085
180755.504577
138029.152144
207819.182217
148323.493507
147383.096432
167548.645719
138937.125619
138948.333902
140885.986
144365.106134
163852.926494
157181.725391
183023.850935
176492.330065
263494.566006
187661.586924
162763.135691
189155.423185
152382.224189
173095.730967
194713.222582
166978.382452
163792.796186
177011.152188
171894.104389
154255.798467
153498.75484
154305.105097
147121.905643
182951.702986
148855.38935
136929.665554
167744.748983
163902.964027
181606.595979
170445.3486
151918.188935
163816.783707
165344.860507
199989.773428
185228.188781
164438.436654
169851.303523
161662.905365
176862.476841
157263.301615
198425.008936
148936.588479
150764.993776
177246.313786
163446.066279
218808.236583
191203.982637
144190.422757
159184.519145
152390.623218
221167.359696
165575.643647
154399.988136
178976.877961
182542.015389
183140.605287
158732.597625
159193.264363
150267.318071
161292.689898
179645.077914
159926.482458
161979.301827
183384.173056
150304.164161
179634.141115
154167.699267
162525.815284
148383.91778
153165.683006
205700.063305
206479.583004
175138.806808
156217.541453
187626.51671
153222.078982
195665.811937
159307.420538
180978.503601
145663.009114
145309.707444
146451.060104
223365.017085
207069.270734
168293.744443
158846.465633
223152.706537
159640.558628
163620.821651
175180.731013
153718.651759
138332.783314
184088.662397
162167.709855
154845.818372
184432.717043
195501.726712
186260.152356
164194.951605
195418.800463
164398.478466
169050.285649
152692.815308
167807.89859
165786.976869
175524.860259
172632.072472
167440.615157
172862.150606
154733.028054
179719.87802
177935.949319
133310.809575
168926.351889
152564.400663
181962.547655
192191.888063
188697.03508
180544.092556
198004.5301
230194.609948
155269.223733
166516.851197
173247.550094
182047.80512
170265.030364
161322.032091
164544.128595
153971.23087
154797.08145
155551.659617
161536.923774
159482.077492
166784.276216
141365.383273
187811.70066
162048.412783
202009.879611
163342.121709
196962.501943
149584.280507
146210.38141
156479.309762
194805.701253
161959.400718
177790.889826
154924.142674
217534.834123
150065.072592
181158.684957
167536.666663
147692.936567
160351.093422
143379.602739
150367.778949
150448.458428
179565.219345
178671.004021
193397.637442
147931.954491
151237.327604
176276.126438
155469.474744
206407.459674
149993.427401
140002.483879
145981.797082
169567.536837
157026.385853
149825.367971
154338.205345
160560.475658
189903.231111
197044.813222
151444.896262
175515.105236
197769.748289
182721.14237
151223.466627
169004.491665
156522.753636
155837.89879
154906.827113
160119.59604
160260.951499
179272.099409
163365.285524
175311.84547
209838.533117
163940.501503
160557.350602
178681.561087
177228.094482
173781.600498
175263.360544
145281.525011
189633.912266
152931.067307
182148.611235
161473.669338
164536.866795
152550.260095
160944.758831
190349.155793
164505.40318
141951.186501
178258.539422
149953.87078
181043.247523
170832.745724
154766.75625
158199.045509
152031.176501
149162.681815
182308.791389
150678.566199
174689.628674
171302.155803
134474.185188
152528.413535
164128.744474
168432.668797
183803.339174
152624.44415
167222.841938
146605.34729
146966.997359
155917.336092
169070.358426
162828.57139
170186.117705
164661.091372
151782.134267
145779.555831
159877.670259
194463.457959
165167.680767
172664.8989
145403.310311
173855.223008
153934.296113
211121.802975
187383.266193
141372.491653
163269.978485
196549.068307
150980.185178
141646.937473
169101.068017
162788.946023
155136.445138
232910.704224
165047.762464
172815.176499
152244.594266
135677.567128
196186.927611
177429.923471
138262.786408
164313.295062
166321.317674
156721.829786
166656.102153
153959.172085
157477.65139
162456.346423
147495.349071
138475.358672
173360.001727
158822.74667
163318.366211
154056.044165
145582.8766
146653.919858
159480.609105
166865.504056
154334.761799
162519.549857
178981.984203
184534.76191
159202.676497
187106.522293
182328.049702
160476.620307
157417.640695
176400.088529
185755.092167
143474.441167
146602.594513
186291.651714
263621.082775
165313.561754
181141.782726
170492.022477
214861.962626
164028.843663
196210.315207
164978.699424
152369.1736
156360.76599
159675.101919
195675.561239
165741.850288
145197.257777
136209.010589
166976.934347
142880.385497
145861.966607
185325.666897
142589.603787
185655.281402
166181.869768
229310.866353
145220.08557
189436.669456
158454.95171
152587.088293
161412.210433
170679.39265
137383.765799
161246.537369
152629.523026
141396.527082
183120.615159
162984.512683
151473.389458
164645.321276
146045.768234
164928.047979
157656.614934
171897.029649
148754.58336
163259.219159
186187.800488
162780.955603
196595.022458
186489.177746
153789.641673
146306.565596
134215.13303
222095.560847
312822.212032
152779.736401
177385.389582
173461.98907
158047.739468
202817.12856
133653.195452
169888.448968
165139.87317
152098.133334
135815.781279
162985.49125
145697.412632
146081.046068
169521.745643
181770.150054
144707.35812
179956.986857
165040.957532
150064.511315
151562.382578
185722.067294
148100.551485
194441.582305
154009.878185
214976.989595
142341.782812
174022.606981
174793.717727
164595.445002
145114.266522
196356.134717
163968.294289
147771.838889
175312.57731
213315.082861
148445.015072
157122.030466
165692.890668
150833.294814
159940.496349
155077.222988
160162.541063
167333.468218
166384.859199
159422.62905
158749.992346
173493.297051
177002.059644
156548.301705
196171.288275
236378.938723
173326.718622
160515.306384
189660.492291
157855.571421
160468.005285
235078.410437
162666.938923
176024.838239
162852.236957
152898.860714
165193.507429
156641.657121
174250.706739
177341.530445
188345.140206
189598.478485
168065.720986
160990.381058
195267.934954
155098.230045
158321.486385
157262.700638
190669.983889
165451.362754
188805.845457
181284.446918
152474.383894
181259.807717
167202.933305
155595.47598
189201.442037
141200.719405
169303.680383
151704.044952
151977.485812
171787.696318
189029.368161
152762.793016
169676.10046
203639.992979
174660.841176
135640.330484
184078.940624
174294.520964
143889.482302
158672.468223
175988.939772
223953.176694
160525.260033
152099.674999
146446.134298
175047.243459
146955.187527
158662.839011
230243.375183
191563.89111
169475.840849
139919.065649
138733.653972
157029.082545
159389.673706
168722.11159
143305.0365
178727.026703
186810.063971
162378.175519
166118.0652
181506.240962
163686.925249
181427.965604
154931.44478
140286.47695
177484.576118
157040.45204
153796.191536
151995.686542
179814.096466
166016.392718
166675.608903
159405.059856
168176.368633
150407.805894
216718.542662
139403.655931
148651.738896
151518.902483
176253.598887
152550.769519
159059.346976
151400.445305
159583.427779
181810.919234
168928.545766
153207.660248
144322.133369
180829.458444
227316.242278
162528.073303
190259.419874
142741.462312
155178.218355
160715.326584
245768.229871
164461.806558
156144.206401
160070.720923
146214.916171
145405.022029
168446.243816
154723.272537
186853.693376
187327.52976
177136.823052
158732.002346
153718.018797
139606.775653
168292.358039
136598.052878
173830.338213
139964.240983
204622.197457
214568.892249
165066.798953
177437.844665
152885.498472
158937.047121
156776.015897
154825.814116
166265.135333
172116.180995
198017.060543
169765.326064
151400.420494
145084.604757
146800.384191
179128.261249
214888.636816
156893.092446
146132.996523
160787.217627
144425.72784
233503.245771
155846.290647
153983.332631
170911.906991
188006.616652
168092.438527
173266.530311
176320.229734
153664.985974
170036.831388
181963.902581
144444.234484
155216.11821
146929.451087
169451.845439
165984.397395
152512.204377
185058.35399
170700.241668
160552.775937
183423.201542
172721.748166
145429.555495
154449.483923
154709.330219
158212.069083
168031.937021
172433.167508
174305.848716
150260.09389
166735.513064
149231.563687
142282.286536
183259.512584
143662.919659
179533.782159
153922.601179
177176.859168
154627.406278
162167.364174
188079.118211
148191.341158
172321.834864
134612.08607
199166.228781
152614.642517
163814.458327
211874.596219
175053.557602
163312.397792
158800.280837
177611.391082
150833.111873
151707.934254
212651.25943
193974.596795
141258.755247
207214.256169
150380.262094
180270.262216
159430.056733
157786.876347
171493.521719
170233.630768
150718.138717
199800.488907
135570.253855
178706.727504
166699.438146
149069.416647
175540.718265
156840.005854
174360.504568
182858.834378
211792.600836
151039.227644
182959.066768
210503.849917
173427.1966
161454.224431
191581.005791
157909.675043
154549.140947
158424.954525
157936.449543
188003.611259
164810.714997
184469.031755
175937.369394
174109.052447
200762.734006
152008.321894
168874.325739
135911.8699
157416.456393
203649.54883
166331.651456
160497.698099
142890.969174
172275.740237
168358.453476
147579.641799
132396.357705
159749.504646
177181.457078
155396.280451
141143.97831
179121.865513
183955.089899
144707.756383
145299.925106
187505.454286
158270.737325
150048.581456
185457.793574
167610.071315
148103.364177
182218.205424
144541.065147
168125.838933
142290.236097
170044.11176
156236.704533
151504.410026
196212.873398
154146.290769
195367.421101
143774.865953
189035.922217
137458.537672
187229.594976
160628.713688
177847.516141
170079.519214
172888.483353
149087.630285
182613.175421
155532.518648
169549.684636
164111.839963
176860.940697
159591.557363
147019.510294
156233.198943
199541.680275
176527.114024
162823.842866
149591.982748
162601.681821
189042.252228
178696.197664
182774.26069
173630.622847
162465.720999
154093.944135
163657.988192
180053.185252
186875.48643
163391.869067
148288.828316
176125.004183
160446.114673
155028.584309
181978.786626
178703.36305
165930.784567
181483.977853
148757.559546
190664.824272
160518.904751
151145.880653
188219.526674
178596.652898
171782.77966
168598.688344
162160.519193
182853.351804
163468.781768
163244.40507
176909.312243
161491.237884
140429.749497
162438.01276
163319.90317
151891.650247
163150.412966
188115.366558
181621.169069
157836.646092
175064.511567
170832.295547
157703.825444
150444.593974
179508.869196
163581.750071
149416.442136
180149.370591
205578.238224
153496.391362
162836.834916
211926.91656
165191.570879
165268.687121
173395.220505
146058.068707
205535.795678
151196.239723
139577.191986
141227.483721
177315.81447
152074.247241
212249.808537
146406.615372
175234.871409
174773.431279
167872.974575
172271.524979
163061.974652
180336.327897
174363.040268
166015.676918
164472.909763
140493.050981
167218.457009
176726.378585
141889.297816
169258.240796
233709.570367
148302.362776
157220.160094
146778.427375
159809.596457
132471.585544
179572.800601
156865.320305
203252.783994
157742.572258
150947.972505
157474.188723
161118.173033
138696.064974
165746.909497
156405.121433
180555.7941
200233.978696
164521.718228
156993.540329
173007.459478
156943.07473
156537.361998
156271.13696
153316.030587
188518.262691
173918.990091
146036.838768
188799.555413
154341.08836
141025.338993
173202.559631
157474.651124
147104.165839
133565.135943
166974.494595
161473.430068
197166.67784
143987.469471
167685.899271
185800.217491
166037.956365
164477.112268
147824.538452
153408.398655
171805.477927
146175.431797
210431.454145
174506.671127
160323.627468
161074.381185
165182.79626
146451.349739
171050.470333
210862.500366
148586.058127
147392.292254
151150.132615
164556.852967
163686.049312
154967.819871
154359.235408
171263.49103
246920.061685
155196.117336
184589.75734
177235.779821
185070.751196
161740.958841
143307.421481
155487.975586
149146.006927
202356.734826
158375.996018
222586.257321
153303.204266
136263.270455
175333.884878
149583.688161
154896.387251
156855.549528
145283.616376
145637.469231
181151.047123
163676.868817
169991.333781
178563.066469
181441.732237
145067.813021
163557.369991
177259.807085
162063.14508
148248.310875
166284.069973
175979.872245
169906.202786
156013.974132
235625.390796
146784.15128
147477.268338
147467.898951
162673.549767
157932.288394
184204.707728
151836.721587
184849.434696
185965.081855
161639.971586
184207.413654
160828.453961
173709.333844
190785.76192
195662.181145
172504.880356
151036.410311
179287.412467
153376.865568
163142.2286
165086.353461
204115.088141
153193.330263
169941.148875
162399.896067
174784.164096
175452.477212
150832.294537
169159.661347
145244.945256
156262.929361
130724.511863
152825.673091
163534.924364
167663.77503
151819.928043
154230.169175
170852.262139
157811.105206
154026.933745
187108.204182
137933.584698
167710.562616
217592.20888
144669.605019
189210.471449
164858.341371
147600.178283
181688.112364
188273.429859
183116.451529
173829.422801
181495.633873
181352.817962
144642.730732
162864.2919
161930.546029
140517.73795
208111.660712
151087.833033
135718.855984
155209.442732
171146.61503
167598.694924
187370.8211
147712.191482
166356.011113
148829.910314
195793.103244
184821.330005
162031.465964
199574.043008
157747.518266
168287.00385
198701.67612
166081.651471
154568.221011
217001.883749
212595.339897
151447.781775
143270.980278
168512.177498
141128.33646
152607.911882
168404.846234
186944.521578
167938.623452
161525.583284
157884.10821
157918.920944
157104.476298
179392.204879
217571.839798
147684.237032
160861.373226
181633.226952
148703.302158
187226.580017
149906.331977
179792.424568
173017.206557
142848.130094
161810.450779
168207.560525
264611.838093
201221.15911
245292.700023
157918.326703
179674.717218
170057.189588
167563.963455
188076.337479
153642.991781
149161.402381
136934.079544
185668.535859
145579.606256
181943.252853
167519.755567
165295.61477
149491.755582
160130.388128
146663.467211
154575.2269
165647.180504
169444.3028
190519.79895
150507.060767
165799.907553
158236.66373
206225.767176
162166.963798
151916.128559
176904.246366
179166.223875
160663.602326
155634.938046
166433.340023
182527.028903
162358.417624
198493.854417
194482.768598
148278.694358
137067.17121
144123.157841
162559.59622
169026.736723
201463.167008
152041.764171
165435.910036
154681.938113
150514.113684
215997.638647
174713.733916
167927.686048
150277.466898
147221.355835
174970.768482
143219.686389
163683.25032
172446.895055
191750.226486
139645.655138
183931.631581
162043.202067
153270.090537
142808.404249
145176.297186
180486.820854
153710.929711
146445.30292
172713.763992
157943.31937
156647.210642
205733.213919
152427.114773
198746.583577
154069.455353
176328.554644
180413.33514
145828.947421
177444.411415
150028.550351
157013.297146
147747.081616
175479.762484
174022.559092
148991.051898
183833.081996
151620.939092
195436.464699
145816.4431
171672.585314
147936.993069
143226.21952
173752.98256
150549.12319
139597.61749
187299.496055
168439.820094
159803.957405
175932.048624
156308.910323
194774.780802
153784.590107
160878.397218
173066.554735
156820.462552
156258.490819
148882.927672
147029.066207
181958.740863
145401.299743
187047.862687
178996.037702
175698.047216
170662.745879
164884.581338
151801.574522
158991.169168
158169.350264
141683.050494
154931.029782
154044.22619
170006.500429
164198.050225
172496.883532
145259.288157
198178.787249
147558.276935
176245.180587
165466.366575
155317.094493
157479.563659
188263.153716
148288.346695
175075.734957
174443.733037
163110.038466
159682.073185
155313.781338
155630.649018
166181.838462
176201.950459
165344.309798
176574.045554
161407.375724
143300.949526
191952.609006
197798.774578
209266.871113
139302.955129
143174.514745
162410.314152
171182.842962
158916.738798
204355.499863
154811.152613
180912.370914
152624.005588
157415.313748
172021.751144
148717.801462
192680.092102
169536.112366
143015.048412
157835.3959
169435.213462
208288.429564
179218.899446
152366.533369
152071.135688
191171.710401
148774.447508
165922.88271
171329.212898
191824.516226
165740.60961
157047.65058
171000.575222
147588.211487
154789.873484
160681.539753
159278.456291
209993.830156
156612.057032
149976.904005
165083.804827
170470.565771
175806.265154
169012.493256
192101.792249
147109.461684
182741.120086
178305.869915
173272.270881
143375.981077
187112.124586
169025.655511
161778.693416
164487.604958
177837.583659
156711.894889
166929.848877
168500.049001
152888.829032
184867.130865
178011.492362
159011.37022
153143.710339
154657.722777
176964.734654
179574.929924
149855.805478
138392.297113
165928.622548
146222.773627
167490.485393
164700.806314
156337.870638
161517.985664
178236.328012
160404.113697
172118.872414
161881.009818
141125.161919
152262.01418
163082.543784
148088.856245
162108.037965
156282.093116
155477.482021
155459.736788
171966.671942
180737.483469
136803.359182
154348.015855
189505.97825
151953.038994
166741.787402
180111.3567
147314.728631
184981.83297
173930.920037
184032.932857
156183.273483
162368.487841
163645.391504
156034.770517
149355.466454
167753.280096
162616.168445
146651.294425
195886.879145
157553.330593
175455.956488
158811.289473
177772.790192
144177.410806
192380.282553
156884.94427
150684.733782
147402.190639
171587.582715
184114.338118
149131.176228
156711.712153
164453.454738
216675.840798
174058.9224
212449.370253
143384.5429
136413.993467
184501.141805
150175.101739
172040.746412
159232.933451
162319.285554
139553.791478
172758.989952
223221.641453
185294.664393
170633.444165
160885.521491
159279.611521
186539.653354
166872.5149
144536.533275
163487.661449
162467.761274
136180.082456
163564.028847
138583.376454
164219.204554
165384.142116
188675.73848
183953.829696
184067.026267
163092.200416
149281.106381
161418.907123
169971.841147
168685.383709
165045.527015
157936.72006
160390.361852
173000.933296
166208.538528
164494.688982
184712.155196
167014.22878
149077.235558
171852.223137
175791.441049
167266.689113
150551.207402
151526.619357
160434.630973
148522.649037
164247.906109
152778.862596
234786.899505
132805.560576
138818.102493
188756.738405
156095.777988
219332.179722
208028.538913
167279.235836
151149.98178
155979.681453
212854.164657
177713.428519
176381.421885
155222.920101
142037.776219
149717.919311
166622.531657
148340.20527
149118.722927
161497.581844
161100.476991
201683.731093
160060.225828
215861.00868
190462.533689
206135.668777
167341.179802
160856.039765
164296.720005
153909.392147
162618.14636
217413.985622
157302.192049
195129.624318
151568.769442
160390.996812
160212.876833
153900.648635
141690.462794
172673.904633
172426.864488
142579.447412
201593.898938
159085.177362
157305.112702
168433.426829
164056.650604
181071.50574
156595.806002
156005.615209
166392.976234
147365.117857
189292.931742
188986.896808
156149.086415
169817.164892
170290.064967
151697.639987
144066.998033
165233.283512
152221.730498
143596.886001
159723.170469
145919.554699
159319.581559
142910.107388
139627.85551
154654.693494
154734.790216
151113.921136
161862.837957
156557.03652
158389.685347
184004.560762
149251.930145
150386.336503
155210.342668
142928.734884
152699.365653
147124.609929
172085.085882
220666.029926
220954.615424
199849.829876
136407.417308
168133.100059
160188.613492
176282.93117
176254.181763
227622.47803
172201.28101
160454.967611
212790.551404
220781.767049
152157.896792
169875.589054
174758.574276
159376.771771
183782.965873
185920.132559
174270.835267
164902.691793
162014.806203
177712.430647
164947.807262
140482.427815
184727.073639
158616.720788
188005.462856
162290.772418
174745.018644
175967.479499
170439.896021
152158.700637
143525.118899
170533.582322
161102.005377
167930.797161
146655.350694
146107.177753
193819.83379
158370.022759
151374.344067
152854.682361
154237.086195
154921.750835
146200.609841
157271.40534
143612.185929
181009.890468
174496.918477
196077.756315
160725.617854
155264.139714
154463.270733
158373.488231
172156.908921
148457.795643
179538.981485
221793.880878
203063.668184
137098.760197
162937.949526
197051.647827
152301.059458
145612.309911
171566.65755
156795.758965
151473.50406
143333.391471
138411.294941
148606.759833
157599.853606
228216.090328
189293.741489
152407.457071
171877.645311
184291.869426
175086.661207
187795.748448
181607.290264
193505.718483
170743.87729
188057.686658
166735.031444
186922.113605
143336.999516
169159.185684
132822.13946
166774.261664
147666.621089
170263.437941
142537.182528
152027.909357
178671.722685
157770.030467
156487.161171
141249.146909
143060.164211
206315.33279
185747.351283
134839.917917
200324.883013
147574.209917
155412.83133
209879.415673
135212.019234
175212.342509
183725.375592
155587.281114
163197.61907
163889.193155
180512.686779
192108.352276
178014.544904
205570.317329
186536.576988
169629.195644
155765.141575
160823.674432
167789.263639
163082.174496
171330.901146
145826.856119
174133.463753
180852.37369
178020.970518
166916.383552
158777.019366
157187.273434
156554.65027
212494.285797
171611.831595
179974.597886
170759.399372
136476.260159
157341.818695
171933.856466
155915.002226
190134.926489
164463.113415
157555.927719
204290.299353
164118.322576
161351.17741
165858.88893
148548.448588
183883.593171
193403.260568
144366.813221
171658.361361
180473.377641
186376.712184
166958.024004
166231.322434
134432.487188
149889.071552
169630.017028
158729.675303
187093.357552
170934.481449
174435.835686
150812.658732
174964.095932
175407.057077
155163.898605
184194.9323
161210.641317
172316.330075
174599.761973
156057.058909
160652.853695
178795.723682
167235.931419
162876.558123
154405.381733
168555.247748
152128.539033
163962.73601
149012.966446
204239.033226
172359.774255
153938.888884
165349.317879
188059.940948
142455.160212
156926.226678
160134.221335
151083.561185
148276.109482
129154.361324
150449.435812
150756.391915
151623.871634
171413.007689
171744.715577
149520.093759
136389.323249
140266.98881
185836.568934
220390.341854
148104.804319
132169.283325
180386.240013
160675.764512
156960.417745
139923.836643
169141.074412
203386.267529
144601.486966
155103.661303
163820.915257
165624.906383
154942.365887
173248.417689
165294.189319
145824.338153
177556.859465
163885.267236
158322.011034
170698.720502
168010.360976
189509.238292
177504.063385
159632.989032
160025.125512
182321.159551
218486.492419
175419.450671
202480.904637
223646.786428
201877.459046
169087.256231
146143.724404
148068.761137
162704.518638
160343.227191
164170.391245
178658.957646
150498.196687
138064.302955
164635.383514
166222.343279
176325.523976
166452.739338
145760.171407
198741.325449
187125.609585
179074.858998
147137.850096
214117.117209
167444.876965
188296.906121
165500.580332
177728.846139
179426.345351
173797.410627
145231.043281
141634.519018
161554.948915
133471.079955
159888.141964
168948.883357
184713.642025
222527.789178
148423.176283
139284.794938
180998.116861
193382.840402
151518.186797
182408.559633
164098.172213
194650.572232
151033.778598
156761.403316
165817.742548
140411.915189
169560.274825
176076.291826
156086.851427
196104.84515
169712.887285
256418.099308
169961.146531
185460.342676
198118.792707
153636.883227
162467.796085
180051.093217
180500.981928
160794.870627
162801.760124
164286.692766
239174.079271
135803.583607
171502.718309
183923.417564
169597.283866
220428.26004
164564.999544
164982.23316
217163.649483
193825.438111
171690.705057
153968.352252
184262.146355
159273.704918
169845.394811
154520.136543
166290.71645
149750.997653
167237.935704
156778.359846
192485.828601
156686.896175
179386.914032
143158.298308
157659.831402
173642.453334
148768.954204
142121.295294
204288.629475
221733.865512
165628.630825
148512.736031
175865.770343
170403.447825
150022.1559
157319.395526
180710.053063
159858.481227
151762.673506
154848.147109
162555.559939
162288.639614
164090.2088
154507.249715
197726.207752
153035.676782
177349.658495
159142.3275
154040.192542
173867.787895
220885.818551
196632.430278
177748.932558
146295.088758
154687.651489
168223.985631
202216.242057
166437.217576
206654.269396
150730.37152
151587.092307
167591.834332
166736.669327
165770.742735
179825.293711
142097.943134
153175.106688
192315.885499
206124.46732
156410.163538
175373.301423
197501.523477
190644.945674
225758.92548
141519.952932
164700.723318
153658.786782
189583.117233
160822.555357
145809.668454
163841.629075
188368.99484
184427.407106
143578.308663
160918.937829
143765.586479
161426.261165
147028.496263
147705.528257
147166.817353
183891.968849
168809.892594
146091.724996
200650.543555
169207.406636
154089.379497
219444.762351
161810.592169
159795.871094
171171.876654
174217.409495
146879.73468
142995.334476
183234.567372
197709.448315
189540.699024
192706.586632
183280.686269
165671.077627
156342.344092
148636.484998
158794.712192
219515.334206
192412.402356
174663.334269
162226.669908
193575.494853
184143.657248
169750.437837
143531.511911
165762.121236
156146.809611
152823.728432
149688.69594
148841.465788
186225.127171
175468.752378
156961.992183
183979.039018
164194.714161
156770.030439
173062.489044
190967.589106
173788.371626
190586.054462
156128.852336
217575.110417
184856.529275
140274.822326
177904.64443
137966.217716
167620.654629
175488.583758
184139.483025
163152.951654
210406.999392
149355.933482
165737.168674
162597.786228
159893.416752
193397.427219
150799.908105
159296.330366
169035.715878
152437.145234
153360.215203
171239.325037
167692.49164
175860.953309
169423.318331
160191.175895
178595.477916
161659.880676
259346.822688
168558.493531
177756.728822
155666.890892
182154.903169
165219.801053
161733.972112
149381.241495
189818.661547
132549.899437
150323.185505
160063.864922
151466.649612
172560.616427
174241.917732
185006.766834
177881.054989
225899.803775
208053.151694
146896.722418
163760.594763
187310.977034
157395.376878
208874.639658
177629.34345
185329.109683
212014.814489
154079.548609
145493.0005
161175.912198
178457.188328
160492.649165
159442.796287
155595.878903
156143.843283
186029.350205
150661.039797
145158.79098
140763.838361
202549.71883
146445.137494
191250.972919
179489.775032
166209.92263
158629.124965
135731.518361
166132.916265
151321.544327
169856.636909
178323.445324
163302.496332
161985.860086
144400.322887
157277.891291
150396.725915
166940.21347
174904.241381
178417.021973
164791.271228
175069.968914
162779.925312
162536.813486
179911.689891
172431.3971
136592.087917
194666.521268
188710.042472
171857.651928
177229.291869
155972.115307
161936.57787
168221.530407
154133.481299
192619.851256
162382.650571
152416.84233
179611.04975
188420.051489
198758.663061
177204.731118
178186.80348
133936.967017
180000.993367
146188.550596
156851.116323
155119.427258
162462.844943
142303.691188
170491.861593
173556.058694
163872.762567
211269.074849
175377.76496
198717.346565
192516.282314
153617.250079
166833.609664
196228.747325
168187.363983
161432.928257
177751.238004
147538.860159
158886.329782
151269.675018
157081.128847
151072.552232
172061.791943
155756.266755
171887.814573
150104.028776
136346.259433
151294.809017
192776.74199
172617.770106
146739.430646
148213.789504
151141.550835
165297.514152
162837.23819
148071.433886
183121.654594
155205.150307
155885.0744
158210.27552
165613.632321
167506.67033
176625.265175
153764.246595
165057.85725
169333.07933
144539.893691
190859.103398
168224.058066
161709.163101
159185.925621
203248.223939
151329.705243
133204.064851
242297.525169
137992.25879
165344.678438
159505.104156
156934.152483
189742.994893
153354.589952
166241.312922
146861.862462
159448.400416
268277.851054
181671.447289
182607.096385
183960.153754
137903.623211
168875.092999
153760.205588
162143.704696
167688.964599
198768.736983
164435.247251
238149.698709
156816.562489
164659.634957
185657.821733
158628.433006
156361.177565
186193.080565
155618.722013
147745.530851
158652.12782
236067.771191
158627.001049
196469.676818
189916.361869
155465.663258
180649.588166
169535.541559
168447.574341
150718.882625
170447.176854
175447.029666
165525.873788
147319.306075
190541.594543
154400.902897
160563.59054
143157.183673
155605.41268
159350.430074
155439.964383
163235.275903
179411.669847
146932.565605
149976.76946
158910.609968
167227.506657
174275.882333
159324.224733
206868.511381
153112.234262
201801.67259
189830.070394
159781.045463
147307.194553
182846.375733
167914.562637
173591.687739
164087.124583
202589.6763
196344.9664
142209.700235
179480.260926
180049.065316
166956.784822
151382.733724
161914.186167
152596.526536
175162.58599
182593.360708
169193.371724
198330.695322
148322.751957
155794.286176
187103.63195
217736.99821
173867.543097
171218.888955
203902.855438
185211.177019
179814.646047
145221.388899
153154.182672
195760.581797
143784.353981
154508.626415
196930.9755
143534.58301
156477.613331
162589.248133
138456.193006
152696.200461
171455.16967
148167.461534
165781.220841
173817.397631
152122.178864
167157.746658
178834.142346
160993.771129
224694.55565
167981.136532
164428.803348
171670.093818
182415.579401
192424.452139
174858.067416
210438.108878
215258.807334
161624.717417
161298.424901
167589.186421
179395.262824
142827.879219
163831.299503
149113.825622
148027.261035
149741.866934
150734.676057
184411.418309
176862.457172
148402.78862
153841.816853
138622.563951
212491.708502
168914.378687
191635.692023
146944.721529
175044.697146
139292.779738
166819.10567
151194.950863
145375.214397
175972.799417
153984.632973
181209.018577
151514.606934
180058.556696
200234.384333
185393.756517
165545.989647
148099.022627
148240.085199
136529.527996
158835.04548
160878.932114
148169.519375
150576.464747
167164.601566
152319.475534
211152.737751
181939.953307
170034.077333
168855.048273
157462.557167
175728.545408
166775.06636
158518.359219
132660.858998
170369.359693
167419.425971
147361.788762
158544.342246
163643.05391
215182.615505
156647.900644
163360.68993
159707.509751
192973.920694
176573.752287
151814.319877
144405.083406
157534.543747
181939.088668
209133.226987
166142.771809
187102.759028
196416.263333
159540.574687
140704.238604
136428.226009
182342.006807
195345.962283
147988.943133
176539.845956
154584.984049
151819.638614
149608.744476
155154.679331
206119.782405
190585.667688
169533.349271
150482.704829
167501.127231
205152.281613
176642.226105
152498.096901
152133.727082
140606.893123
183741.892564
158654.491973
170597.718354
171487.970052
177027.615707
157057.225127
152861.524517
159030.811448
139160.619039
193983.917608
171636.356904
138019.91633
206525.127265
172375.565981
165782.43768
157639.716652
140668.743123
214951.836112
174744.047653
152400.133614
168399.760516
150776.750152
142950.678371
147475.715476
225170.972671
177618.527057
154548.712426
179657.103698
174543.192541
183387.005303
183207.785391
176177.78195
200893.158338
167869.260271
166052.472401
177864.452212
146427.151758
156408.886983
183711.276348
166844.342129
162958.491449
169196.818587
153906.928767
185310.342524
155021.224041
165001.470202
143670.508249
169299.935409
214455.865658
141533.220013
149952.718679
160740.571253
152613.479012
166674.026812
185004.855079
153237.912651
170442.787827
150884.224472
172830.469994
165504.042248
157306.910693
181275.278186
206033.217284
142401.886606
175523.534238
169279.224051
184356.942934
174637.261777
157498.87067
143242.850918
158184.958955
172611.764689
149503.830727
155068.43141
155389.212493
175107.641968
159798.650972
171642.374451
155774.069159
155234.937878
167063.563631
220356.747306
150616.472526
209959.50721
185879.224886
193529.303299
146825.813086
155386.877154
162202.55061
193718.67163
140918.267556
152908.949244
151324.77465
217603.16882
149407.532171
163063.422664
173849.602911
174102.894736
168702.722544
157718.410671
157742.262173
160716.718015
190106.882994
161834.383215
159693.784816
138719.884597
146673.369794
147627.109081
169098.751512
140229.090602
151401.246397
168150.383807
211994.561483
157252.179456
207968.840711
158153.529432
162957.487043
169280.438495
162183.968783
150465.742405
158786.331573
176624.450932
138235.900627
177702.2647
165103.399543
168637.459589
157022.396449
141096.85955
148293.236537
166636.736548
202414.499363
169840.098741
162607.812785
204480.645813
150592.989726
146059.855678
156844.234312
181350.68455
171920.373273
157559.596373
168854.159297
157401.360119
176537.543046
176698.678457
156370.566068
173315.715735
172511.115965
168232.835813
144551.835262
168116.794523
183167.90692
159376.30694
162045.377869
235228.017737
180617.485313
160940.639317
146476.368868
145367.901045
182438.691009
156451.844325
175609.399008
204039.628204
170240.573263
173934.67607
180053.044832
159858.715014
154383.799583
146299.823277
157093.52037
196301.003348
163609.985808
148178.534589
155703.228543
149394.10417
160631.188016
180780.099924
153198.229732
180999.309146
164589.073961
165020.843519
175004.490531
203321.673414
132420.174405
241021.295203
193193.491949
184970.100448
201351.589119
159311.902018
188089.383457
155158.744181
215621.061789
180056.099665
146214.797621
147646.123909
142223.880151
170972.118329
164062.675304
143390.174243
166908.504765
171348.109962
186268.571488
141282.320705
159667.86183
179518.328467
159701.284841
158513.432683
176488.852572
161233.37096
154296.492987
165677.73642
169638.026727
162095.691106
191593.336193
162500.049757
182858.593369
153888.952498
163545.791924
170929.62631
182668.795769
164156.049114
142363.927847
155195.284868
162475.02827
172504.615027
161070.590057
169108.593716
191709.493033
145416.236716
157147.257131
159209.666275
142990.437309
174224.667213
156182.031063
155708.891481
204892.44948
181036.680446
153732.522721
195064.617807
172248.872602
168634.335111
189531.204285
151847.298947
185100.596159
223880.238037
144015.988716
176051.969876
216543.283239
150478.468372
180932.053681
150070.042105
164875.908912
164941.54277
172315.849411
217377.914614
170213.110754
185613.723993
169100.936825
230795.393579
146979.807799
165571.591205
185888.051539
143656.856908
157329.889604
144042.623549
167653.060609
158204.294397
165945.522245
171313.577207
196240.671961
162889.631391
143910.107266
179851.224552
162080.542104
175804.440688
162572.449941
164993.752148
171506.836528
151947.040575
160245.124182
163219.236061
146066.050198
150128.986383
155541.094755
145602.706838
162396.673816
220807.782047
156650.863141
151894.902512
153944.984394
194276.099632
159375.447998
175705.743557
137549.801786
219595.02216
161759.82125
182311.055268
191891.053123
164129.606081
161870.296371
152328.947618
153447.312109
205810.935869
192836.722953
161164.346024
189304.856034
175327.631309
147003.651819
164641.18333
188266.54227
187935.820141
176311.314505
145861.653358
137966.616604
164810.942981
166094.068232
160206.39933
172430.756032
197927.767239
206628.240963
162483.117676
181862.675098
200757.377344
138742.68349
139037.57457
147185.830957
169475.544748
149186.759344
158640.872673
154012.474139
165909.422395
162005.663466
156759.05965
150494.951882
199486.535743
148199.774802
163930.419131
159649.186443
142620.582954
156522.02074
151186.547902
148116.675085
145810.46289
146027.852774
151474.682601
154069.80713
185802.050619
170679.491372
152342.501388
165627.77171
147170.451814
143732.859886
156986.103469
224364.902315
161460.874378
177012.647676
148666.461746
149191.392034
150429.825508
177005.973191
153994.325817
148164.510163
172636.305841
176245.618434
174423.485635
162757.483502
153365.125727
161404.625233
160734.520364
167093.774892
157438.28644
137143.096243
193826.950129
157623.597293
178783.407701
137231.504354
169209.647434
159130.877133
201345.500768
189013.441466
164027.292949
172757.76179
148749.294443
146537.093664
168468.925346
161286.536515
160646.62678
166371.555435
202385.678613
205646.081189
185937.825224
165331.778148
141725.289926
159318.093067
196656.713218
152287.110905
171387.825019
153131.226699
161738.659265
141752.233123
180137.693135
176756.050752
146895.802302
231973.024371
165841.956147
147069.736749
172253.05623
199645.10798
229064.717466
148547.379916
160641.695695
173210.284187
163818.227034
233441.997638
217236.285503
146298.360478
163726.929108
172857.444329
151272.662247
139065.944136
157912.637958
208801.092128
196931.05175
147442.264131
174551.732355
173928.875172
194753.621626
188746.723507
161362.815655
164875.630442
186103.461073
188501.085958
153125.322467
161042.855456
163646.615897
170843.761648
148705.005453
169338.970174
166237.864352
178373.398604
175746.79531
152853.943032
177096.32932
134202.076199
166762.633151
164803.700582
176851.455869
156183.217382
172806.232101
177934.226979
159348.438629
195641.091855
162836.269385
154926.36924
150233.874937
175888.073441
162988.378693
156646.055689
149821.526783
180706.778033
171383.683393
143205.231831
160915.714936
185274.360929
141422.744981
167096.622189
169983.762302
173178.361021
153175.066662
146445.701665
159404.20623
175967.982014
132343.667552
193727.987387
190371.201045
191534.867423
170856.388394
183687.438773
142702.979903
155505.202956
151436.189876
209416.062537
177054.153092
170637.135664
178477.70602
180020.302983
152357.642393
243496.668411
155938.832587
184457.70199
163531.114171
199777.51509
175796.973131
151711.668259
150877.41726
184740.058337
163735.693756
148204.87188
192020.601928
156001.942196
155115.928171
178784.368198
140703.358938
175375.543309
166131.829097
164657.799965
149614.639019
160033.760631
148339.626333
186741.125297
161583.574309
156601.485782
193943.009997
190502.637702
170814.660826
144693.746437
195231.308414
173376.461271
243187.442221
147449.946923
180709.489015
155150.850471
159358.66316
195234.35587
150401.134395
159630.544029
167397.926302
163565.203973
199810.301778
164060.85746
182135.515061
153675.809169
166037.786303
148992.875314
181056.55975
172643.005085
153810.335248
194502.46698
212740.445996
152891.970463
156500.409265
144710.329444
215909.571463
152909.626954
168081.152141
186332.355127
192424.909933
159711.369551
146809.697333
150763.287076
160491.590072
138277.138892
170992.465071
197559.456294
152163.019715
146565.344153
181690.929443
149257.942896
177818.104164
145121.199915
170260.317816
146632.728011
158043.322426
174103.592452
165728.07985
185289.535299
168843.935197
172150.054929
221904.58159
180508.715675
169617.214981
173804.692948
145705.424469
146651.847197
160286.421835
190070.514875
191978.51985
170517.241744
137274.37852
181855.078219
191369.213833
181348.875458
178400.21035
164028.848548
183179.095496
192920.172567
159155.653135
147731.678318
154616.723234
201881.597107
138593.704563
139287.048675
162643.445578
159879.916693
149535.710672
166470.152255
152779.980146
181240.639221
154206.569404
161913.833235
171692.50632
188124.452564
147955.234788
168453.048604
162256.235262
152256.924257
189678.609561
172772.037811
150074.566467
156139.919464
170832.721702
178611.279605
162457.764506
159026.907055
154958.234143
216802.785776
196033.008056
166427.329462
178529.610971
159960.843804
188403.162133
144945.515986
163862.333833
158949.489516
157760.649019
170749.627117
144212.449209
158138.758337
151779.162843
185475.838694
192006.523732
157082.657136
211055.908125
189376.427838
164745.058571
163738.425816
205944.017217
167266.518423
165426.865065
162124.012979
142918.02844
163589.085053
187674.1598
159286.651278
164824.42906
156853.194549
157308.06183
179505.548446
202105.363393
176767.858929
146782.539729
160536.713047
140998.383375
177356.014759
150806.667184
212592.873675
168686.726775
147458.014349
189471.50682
159988.345548
160514.795277
164770.012042
167489.970077
176225.963315
161468.929014
183798.306283
168910.661085
188215.216322
168410.863356
145644.276009
155657.21997
206981.080978
143442.510684
204102.427256
170325.250566
173615.33277
185958.34541
161460.928398
150976.089281
200675.079854
200486.175392
190354.240951
140730.71572
141339.584577
163427.398115
153413.19782
152652.109178
152378.728491
145466.853675
165866.249209
165803.431224
164447.523459
138680.342005
180027.320001
174692.748625
174797.703569
162793.375618
187128.141705
173759.023872
155928.738773
173642.741713
159862.028103
193671.710063
174005.115244
162753.056515
159948.814635
158784.5647
143039.066966
154991.211814
149658.995264
157574.933046
164123.524821
196304.251446
147057.455137
143415.677161
139957.422553
200489.421231
172080.874421
170851.940188
156074.95283
201336.994515
158522.960261
156136.28418
144654.603704
165355.391126
174794.31505
162517.961105
189730.901781
181355.018576
156204.660679
149317.748628
205715.12112
172336.015118
154145.477252
157618.991371
154566.00504
160672.249027
212470.910709
156118.439045
140777.956187
174753.21843
157163.481901
153092.304397
143734.669613
189113.463352
170624.800381
170743.992007
157887.540167
149441.713319
197870.785944
165371.197247
181824.868777
156008.292282
199736.921749
183673.785012
219227.488293
160143.22949
157761.728225
149605.500789
173904.224368
142467.439161
144738.887407
170453.239286
148498.645014
147706.773733
207417.879462
165842.084216
153962.347914
176403.744117
159956.588453
163034.853958
176573.354053
165639.616302
216483.448685
162627.629623
150201.997935
153255.484296
141984.487377
159383.769339
141736.11248
201999.243921
144946.559999
240363.024124
165953.352004
190724.309606
168252.426156
188757.963272
162527.245078
174575.860381
207481.412057
155601.617107
169256.088803
172838.026927
194607.914264
159707.383588
193295.025849
179531.99621
167235.914765
171136.241258
170858.802412
162118.120602
175856.390821
150520.353644
174896.281514
156098.051226
193578.423554
143539.012823
189226.447197
183310.531042
165657.257649
246970.334902
181847.954305
150491.470836
150527.591541
195418.873309
172547.190569
169338.288176
151109.744911
157532.864867
196425.525833
186833.389543
179350.758685
150936.352032
180309.542494
160316.805283
176845.143401
221191.075295
143219.691352
161235.717711
179183.410848
156479.748423
168065.523221
160539.285693
150930.235506
150037.956074
163851.130896
171823.638445
187790.828338
144335.078023
152484.491904
147307.913261
150516.374072
165591.920313
143989.220579
155310.106187
145472.361476
180155.61252
163592.313807
146693.759241
150646.603544
198625.888248
157283.412917
146042.655513
151797.416335
148734.61581
152304.691046
161100.260482
150361.322916
161445.515722
171465.186358
158874.409284
158247.775238
152891.257
156587.952893
149347.713538
149397.124779
148100.776305
151688.469356
152506.781935
184659.355465
201084.52064
168734.341119
165045.416315
135798.255752
158911.740863
171510.220749
165935.505303
193826.758972
173836.958089
148732.643338
169216.330416
174377.136577
162776.668712
196236.724168
188268.885738
171642.519935
227767.935738
178445.423742
158983.530268
149065.495461
254570.236447
201223.325845
164934.125476
195189.513459
143928.586985
140813.629886
180330.331021
168378.312907
165254.824966
148606.458327
155116.418509
144051.016004
223356.718641
160834.353117
142683.965628
192744.568528
166454.786124
178859.882769
151368.735585
147714.220705
163835.343338
184119.223394
176459.905458
143098.774139
166838.637631
147548.12251
162944.933711
201671.476283
181771.002666
181234.889112
150995.003426
168694.500274
170627.228757
176484.49104
149012.772744
146086.04154
155853.301414
194096.807172
161564.828011
161898.735239
172541.367503
197494.48015
156927.675367
150257.038925
139657.144956
165415.978943
204310.544508
175535.23949
150021.859147
143274.288882
144359.865447
162965.883643
178983.295547
159418.073285
161570.059372
172417.961366
179625.746703
152985.91986
178686.805875
166028.760677
181732.296759
178724.743933
141100.591318
174239.725281
149437.936345
164256.396294
160569.721275
149200.085272
168504.85042
147886.821056
147347.368971
146319.883674
145979.372745
189048.786468
156918.55169
138431.355318
197826.251159
166894.617993
169817.798123
160411.671597
169401.470513
171003.46959
153644.126938
140931.488791
153217.090812
209286.891127
161069.423641
153853.457462
162349.289949
230315.905256
149762.794023
134156.611838
240811.783623
148535.200228
186918.898432
143859.65963
155022.497083
151403.361814
170552.061615
175180.081502
168108.099894
165215.914363
152663.653552
235943.630217
181289.829033
170832.645293
139607.674246
168754.133304
169248.71564
178813.437134
148037.201947
211465.514482
156852.383485
146102.14272
150385.637024
157891.967011
151813.401295
241342.637025
178856.971156
180844.42239
222550.040639
163950.335973
158544.293694
186892.378481
134750.337875
177242.677695
146307.709026
165860.130493
156015.280421
154797.053887
154550.67641
154091.466211
194348.948601
146709.868186
186552.633203
172580.57504
166301.687531
168899.365131
149677.745317
182591.358362
185070.161312
187796.621041
152660.857619
160387.228628
183567.390427
162300.830178
195212.9505
182724.902544
179684.18774
183207.343772
161800.198062
169866.44529
147089.471051
187074.833336
177385.864315
141932.404398
162353.139779
216560.063077
159857.303471
143895.380158
151959.262908
174374.356542
182939.391404
145718.5533
141241.519145
170345.970526
159522.501047
157544.247139
150283.00174
156192.932114
163642.732468
141924.182403
148912.833219
182568.048021
141677.653281
208132.407707
163671.789675
195898.219314
154860.939731
152081.548095
155422.380822
183290.826123
217194.319074
201621.297547
161361.711349
147992.783386
160802.044296
148176.199532
215074.58463
146021.959984
191653.755418
157513.264898
142098.858685
170270.220994
150009.927879
153469.182925
143063.345771
132896.089289
189136.610458
152999.833197
164238.409955
154401.152786
165845.091868
168768.443637
172497.896765
168289.643276
156065.666333
167197.893832
149294.351528
167400.552872
161028.902925
176173.698646
211199.678833
139061.190258
163894.321869
159778.412875
211353.279875
146513.969906
212469.979323
144238.808063
157332.346992
148725.026332
170152.271482
171778.913482
152822.257024
149089.132811
160656.2776
138468.709692
171514.319257
171210.783545
169994.258904
185880.654875
157228.508375
160678.71613
155342.334885
169376.603716
169276.979947
181205.541073
173819.762535
148628.525755
172558.435348
171156.796419
192451.675587
182532.3561
161446.26089
179959.289874
169255.447155
177153.427846
145539.124158
170603.370147
163751.496618
198703.269241
146574.250317
170317.441857
192422.986708
177376.882768
158615.156916
175944.456184
151533.695682
150787.635991
155573.002975
147745.56052
176373.586915
167554.193042
158492.191759
151317.688276
167605.732712
195039.385162
136280.126229
168710.19224
196667.272086
154647.586139
178887.757669
164443.698278
167911.472563
176690.341445
141201.471997
155699.411373
163558.234174
199735.436315
191573.502232
149170.098378
160202.882187
170256.900814
204108.114791
178496.672275
152991.83015
150962.455647
187531.600516
139066.756117
182612.797133
147369.566467
153114.000541
176691.952382
160133.112519
160094.12596
162398.599691
179517.978417
170299.046481
195539.716324
177874.083605
145892.287559
150467.122472
242226.332157
163614.766921
162883.513823
165860.725082
136397.844234
189200.952658
148694.108615
181556.190418
181551.75492
174243.395808
200558.775271
166052.560244
201667.347731
148770.427212
168288.553371
181912.573611
185353.438488
189842.758339
147254.621392
174011.203625
135673.270338
153153.301536
150023.847342
180698.501071
174097.268994
180475.943296
227173.511809
157687.957211
175980.566619
130512.404093
173659.26775
187321.584602
175877.660211
161928.331938
167699.944991
192848.056611
148164.888958
171457.344681
135878.673992
144667.329178
161101.662106
193109.822677
149689.50229
152894.593949
167213.51698
196885.430854
150328.764232
156123.95781
152351.347109
147890.262128
206561.525473
156924.176491
150533.313252
156524.172992
189900.36575
227910.313781
165695.346684
167178.176995
136978.247446
146220.751712
208230.203284
225454.41415
153135.128477
230210.346159
158306.044314
144567.819523
142756.988413
167705.683046
156737.960975
168272.369741
182245.657548
171113.780641
198859.252966
166335.627733
152614.863339
149014.947038
173138.762542
146070.639773
152853.256492
158879.515462
176518.531424
173802.008919
176507.931138
181128.199791
177413.260785
146368.277155
142613.270615
153438.160089
244085.276896
206985.244168
162361.821989
192759.122303
197023.48869
157984.641094
180036.728331
149721.680344
174194.575095
191192.203787
177796.971361
172077.023234
142429.620213
161224.276916
144442.011935
200719.563078
153042.098242
150186.796582
185746.681481
196072.914025
191716.301939
153823.76951
173035.596748
175270.038501
